Coordinate,Scale_KM,TOT_dense,IC_num,CG_num,IC_amp,CG_amp,LJ,Sigma,Time,radar_ID,radar_Coor,max_SHI,nonneg_90_SHI,time_SHI,coor_SHI,valid_size_SHI,invalid_size_SHI,valid_range_SHI
,0.0,0.0,0,0,0.0,0.0,,,00:00:00,,,NaN,NaN,NaN,NaN,NaN,NaN,NaN
,0.0,0.0,0,0,0.0,0.0,,,00:02:00,,,NaN,NaN,NaN,NaN,NaN,NaN,NaN
,0.0,0.0,0,0,0.0,0.0,,,00:04:00,,,NaN,NaN,NaN,NaN,NaN,NaN,NaN
,0.0,0.0,0,0,0.0,0.0,,,00:06:00,,,NaN,NaN,NaN,NaN,NaN,NaN,NaN
,0.0,0.0,0,0,0.0,0.0,,,00:08:00,,,NaN,NaN,NaN,NaN,NaN,NaN,NaN
,0.0,0.0,0,0,0.0,0.0,,,00:10:00,,,NaN,NaN,NaN,NaN,NaN,NaN,NaN
,0.0,0.0,0,0,0.0,0.0,,,00:12:00,,,NaN,NaN,NaN,NaN,NaN,NaN,NaN
,0.0,0.0,0,0,0.0,0.0,,,00:14:00,,,NaN,NaN,NaN,NaN,NaN,NaN,NaN
,0.0,0.0,0,0,0.0,0.0,,,00:16:00,,,NaN,NaN,NaN,NaN,NaN,NaN,NaN
,0.0,0.0,0,0,0.0,0.0,,,00:18:00,,,NaN,NaN,NaN,NaN,NaN,NaN,NaN
,0.0,0.0,0,0,0.0,0.0,,,00:20:00,,,NaN,NaN,NaN,NaN,NaN,NaN,NaN
,0.0,0.0,0,0,0.0,0.0,,,00:22:00,,,NaN,NaN,NaN,NaN,NaN,NaN,NaN
,0.0,0.0,0,0,0.0,0.0,,,00:24:00,,,NaN,NaN,NaN,NaN,NaN,NaN,NaN
,0.0,0.0,0,0,0.0,0.0,,,00:26:00,,,NaN,NaN,NaN,NaN,NaN,NaN,NaN
,0.0,0.0,0,0,0.0,0.0,,,00:28:00,,,NaN,NaN,NaN,NaN,NaN,NaN,NaN
,0.0,0.0,0,0,0.0,0.0,,,00:30:00,,,NaN,NaN,NaN,NaN,NaN,NaN,NaN
,0.0,0.0,0,0,0.0,0.0,,,00:32:00,,,NaN,NaN,NaN,NaN,NaN,NaN,NaN
,0.0,0.0,0,0,0.0,0.0,,,00:34:00,,,NaN,NaN,NaN,NaN,NaN,NaN,NaN
,0.0,0.0,0,0,0.0,0.0,,,00:36:00,,,NaN,NaN,NaN,NaN,NaN,NaN,NaN
,0.0,0.0,0,0,0.0,0.0,,,00:38:00,,,NaN,NaN,NaN,NaN,NaN,NaN,NaN
,0.0,0.0,0,0,0.0,0.0,,,00:40:00,,,NaN,NaN,NaN,NaN,NaN,NaN,NaN
,0.0,0.0,0,0,0.0,0.0,,,00:42:00,,,NaN,NaN,NaN,NaN,NaN,NaN,NaN
,0.0,0.0,0,0,0.0,0.0,,,00:44:00,,,NaN,NaN,NaN,NaN,NaN,NaN,NaN
,0.0,0.0,0,0,0.0,0.0,,,00:46:00,,,NaN,NaN,NaN,NaN,NaN,NaN,NaN
,0.0,0.0,0,0,0.0,0.0,,,00:48:00,,,NaN,NaN,NaN,NaN,NaN,NaN,NaN
,0.0,0.0,0,0,0.0,0.0,,,00:50:00,,,NaN,NaN,NaN,NaN,NaN,NaN,NaN
,0.0,0.0,0,0,0.0,0.0,,,00:52:00,,,NaN,NaN,NaN,NaN,NaN,NaN,NaN
,0.0,0.0,0,0,0.0,0.0,,,00:54:00,,,NaN,NaN,NaN,NaN,NaN,NaN,NaN
,0.0,0.0,0,0,0.0,0.0,,,00:56:00,,,NaN,NaN,NaN,NaN,NaN,NaN,NaN
,0.0,0.0,0,0,0.0,0.0,,,00:58:00,,,NaN,NaN,NaN,NaN,NaN,NaN,NaN
,0.0,0.0,0,0,0.0,0.0,,,01:00:00,,,NaN,NaN,NaN,NaN,NaN,NaN,NaN
,0.0,0.0,0,0,0.0,0.0,,,01:02:00,,,NaN,NaN,NaN,NaN,NaN,NaN,NaN
,0.0,0.0,0,0,0.0,0.0,,,01:04:00,,,NaN,NaN,NaN,NaN,NaN,NaN,NaN
,0.0,0.0,0,0,0.0,0.0,,,01:06:00,,,NaN,NaN,NaN,NaN,NaN,NaN,NaN
,0.0,0.0,0,0,0.0,0.0,,,01:08:00,,,NaN,NaN,NaN,NaN,NaN,NaN,NaN
,0.0,0.0,0,0,0.0,0.0,,,01:10:00,,,NaN,NaN,NaN,NaN,NaN,NaN,NaN
,0.0,0.0,0,0,0.0,0.0,,,01:12:00,,,NaN,NaN,NaN,NaN,NaN,NaN,NaN
,0.0,0.0,0,0,0.0,0.0,,,01:14:00,,,NaN,NaN,NaN,NaN,NaN,NaN,NaN
,0.0,0.0,0,0,0.0,0.0,,,01:16:00,,,NaN,NaN,NaN,NaN,NaN,NaN,NaN
,0.0,0.0,0,0,0.0,0.0,,,01:18:00,,,NaN,NaN,NaN,NaN,NaN,NaN,NaN
,0.0,0.0,0,0,0.0,0.0,,,01:20:00,,,NaN,NaN,NaN,NaN,NaN,NaN,NaN
,0.0,0.0,0,0,0.0,0.0,,,01:22:00,,,NaN,NaN,NaN,NaN,NaN,NaN,NaN
,0.0,0.0,0,0,0.0,0.0,,,01:24:00,,,NaN,NaN,NaN,NaN,NaN,NaN,NaN
,0.0,0.0,0,0,0.0,0.0,,,01:26:00,,,NaN,NaN,NaN,NaN,NaN,NaN,NaN
,0.0,0.0,0,0,0.0,0.0,,,01:28:00,,,NaN,NaN,NaN,NaN,NaN,NaN,NaN
,0.0,0.0,0,0,0.0,0.0,,,01:30:00,,,NaN,NaN,NaN,NaN,NaN,NaN,NaN
,0.0,0.0,0,0,0.0,0.0,,,01:32:00,,,NaN,NaN,NaN,NaN,NaN,NaN,NaN
,0.0,0.0,0,0,0.0,0.0,,,01:34:00,,,NaN,NaN,NaN,NaN,NaN,NaN,NaN
,0.0,0.0,0,0,0.0,0.0,,,01:36:00,,,NaN,NaN,NaN,NaN,NaN,NaN,NaN
,0.0,0.0,0,0,0.0,0.0,,,01:38:00,,,NaN,NaN,NaN,NaN,NaN,NaN,NaN
,0.0,0.0,0,0,0.0,0.0,,,01:40:00,,,NaN,NaN,NaN,NaN,NaN,NaN,NaN
,0.0,0.0,0,0,0.0,0.0,,,01:42:00,,,NaN,NaN,NaN,NaN,NaN,NaN,NaN
,0.0,0.0,0,0,0.0,0.0,,,01:44:00,,,NaN,NaN,NaN,NaN,NaN,NaN,NaN
,0.0,0.0,0,0,0.0,0.0,,,01:46:00,,,NaN,NaN,NaN,NaN,NaN,NaN,NaN
,0.0,0.0,0,0,0.0,0.0,,,01:48:00,,,NaN,NaN,NaN,NaN,NaN,NaN,NaN
,0.0,0.0,0,0,0.0,0.0,,,01:50:00,,,NaN,NaN,NaN,NaN,NaN,NaN,NaN
,0.0,0.0,0,0,0.0,0.0,,,01:52:00,,,NaN,NaN,NaN,NaN,NaN,NaN,NaN
,0.0,0.0,0,0,0.0,0.0,,,01:54:00,,,NaN,NaN,NaN,NaN,NaN,NaN,NaN
,0.0,0.0,0,0,0.0,0.0,,,01:56:00,,,NaN,NaN,NaN,NaN,NaN,NaN,NaN
,0.0,0.0,0,0,0.0,0.0,,,01:58:00,,,NaN,NaN,NaN,NaN,NaN,NaN,NaN
,0.0,0.0,0,0,0.0,0.0,,,02:00:00,,,NaN,NaN,NaN,NaN,NaN,NaN,NaN
,0.0,0.0,0,0,0.0,0.0,,,02:02:00,,,NaN,NaN,NaN,NaN,NaN,NaN,NaN
,0.0,0.0,0,0,0.0,0.0,,,02:04:00,,,NaN,NaN,NaN,NaN,NaN,NaN,NaN
,0.0,0.0,0,0,0.0,0.0,,,02:06:00,,,NaN,NaN,NaN,NaN,NaN,NaN,NaN
,0.0,0.0,0,0,0.0,0.0,,,02:08:00,,,NaN,NaN,NaN,NaN,NaN,NaN,NaN
,0.0,0.0,0,0,0.0,0.0,,,02:10:00,,,NaN,NaN,NaN,NaN,NaN,NaN,NaN
,0.0,0.0,0,0,0.0,0.0,,,02:12:00,,,NaN,NaN,NaN,NaN,NaN,NaN,NaN
,0.0,0.0,0,0,0.0,0.0,,,02:14:00,,,NaN,NaN,NaN,NaN,NaN,NaN,NaN
,0.0,0.0,0,0,0.0,0.0,,,02:16:00,,,NaN,NaN,NaN,NaN,NaN,NaN,NaN
,0.0,0.0,0,0,0.0,0.0,,,02:18:00,,,NaN,NaN,NaN,NaN,NaN,NaN,NaN
,0.0,0.0,0,0,0.0,0.0,,,02:20:00,,,NaN,NaN,NaN,NaN,NaN,NaN,NaN
,0.0,0.0,0,0,0.0,0.0,,,02:22:00,,,NaN,NaN,NaN,NaN,NaN,NaN,NaN
,0.0,0.0,0,0,0.0,0.0,,,02:24:00,,,NaN,NaN,NaN,NaN,NaN,NaN,NaN
,0.0,0.0,0,0,0.0,0.0,,,02:26:00,,,NaN,NaN,NaN,NaN,NaN,NaN,NaN
,0.0,0.0,0,0,0.0,0.0,,,02:28:00,,,NaN,NaN,NaN,NaN,NaN,NaN,NaN
,0.0,0.0,0,0,0.0,0.0,,,02:30:00,,,NaN,NaN,NaN,NaN,NaN,NaN,NaN
,0.0,0.0,0,0,0.0,0.0,,,02:32:00,,,NaN,NaN,NaN,NaN,NaN,NaN,NaN
,0.0,0.0,0,0,0.0,0.0,,,02:34:00,,,NaN,NaN,NaN,NaN,NaN,NaN,NaN
,0.0,0.0,0,0,0.0,0.0,,,02:36:00,,,NaN,NaN,NaN,NaN,NaN,NaN,NaN
,0.0,0.0,0,0,0.0,0.0,,,02:38:00,,,NaN,NaN,NaN,NaN,NaN,NaN,NaN
,0.0,0.0,0,0,0.0,0.0,,,02:40:00,,,NaN,NaN,NaN,NaN,NaN,NaN,NaN
,0.0,0.0,0,0,0.0,0.0,,,02:42:00,,,NaN,NaN,NaN,NaN,NaN,NaN,NaN
,0.0,0.0,0,0,0.0,0.0,,,02:44:00,,,NaN,NaN,NaN,NaN,NaN,NaN,NaN
,0.0,0.0,0,0,0.0,0.0,,,02:46:00,,,NaN,NaN,NaN,NaN,NaN,NaN,NaN
,0.0,0.0,0,0,0.0,0.0,,,02:48:00,,,NaN,NaN,NaN,NaN,NaN,NaN,NaN
,0.0,0.0,0,0,0.0,0.0,,,02:50:00,,,NaN,NaN,NaN,NaN,NaN,NaN,NaN
,0.0,0.0,0,0,0.0,0.0,,,02:52:00,,,NaN,NaN,NaN,NaN,NaN,NaN,NaN
,0.0,0.0,0,0,0.0,0.0,,,02:54:00,,,NaN,NaN,NaN,NaN,NaN,NaN,NaN
,0.0,0.0,0,0,0.0,0.0,,,02:56:00,,,NaN,NaN,NaN,NaN,NaN,NaN,NaN
,0.0,0.0,0,0,0.0,0.0,,,02:58:00,,,NaN,NaN,NaN,NaN,NaN,NaN,NaN
,0.0,0.0,0,0,0.0,0.0,,,03:00:00,,,NaN,NaN,NaN,NaN,NaN,NaN,NaN
,0.0,0.0,0,0,0.0,0.0,,,03:02:00,,,NaN,NaN,NaN,NaN,NaN,NaN,NaN
,0.0,0.0,0,0,0.0,0.0,,,03:04:00,,,NaN,NaN,NaN,NaN,NaN,NaN,NaN
,0.0,0.0,0,0,0.0,0.0,,,03:06:00,,,NaN,NaN,NaN,NaN,NaN,NaN,NaN
,0.0,0.0,0,0,0.0,0.0,,,03:08:00,,,NaN,NaN,NaN,NaN,NaN,NaN,NaN
,0.0,0.0,0,0,0.0,0.0,,,03:10:00,,,NaN,NaN,NaN,NaN,NaN,NaN,NaN
,0.0,0.0,0,0,0.0,0.0,,,03:12:00,,,NaN,NaN,NaN,NaN,NaN,NaN,NaN
,0.0,0.0,0,0,0.0,0.0,,,03:14:00,,,NaN,NaN,NaN,NaN,NaN,NaN,NaN
,0.0,0.0,0,0,0.0,0.0,,,03:16:00,,,NaN,NaN,NaN,NaN,NaN,NaN,NaN
,0.0,0.0,0,0,0.0,0.0,,,03:18:00,,,NaN,NaN,NaN,NaN,NaN,NaN,NaN
,0.0,0.0,0,0,0.0,0.0,,,03:20:00,,,NaN,NaN,NaN,NaN,NaN,NaN,NaN
,0.0,0.0,0,0,0.0,0.0,,,03:22:00,,,NaN,NaN,NaN,NaN,NaN,NaN,NaN
,0.0,0.0,0,0,0.0,0.0,,,03:24:00,,,NaN,NaN,NaN,NaN,NaN,NaN,NaN
,0.0,0.0,0,0,0.0,0.0,,,03:26:00,,,NaN,NaN,NaN,NaN,NaN,NaN,NaN
,0.0,0.0,0,0,0.0,0.0,,,03:28:00,,,NaN,NaN,NaN,NaN,NaN,NaN,NaN
,0.0,0.0,0,0,0.0,0.0,,,03:30:00,,,NaN,NaN,NaN,NaN,NaN,NaN,NaN
,0.0,0.0,0,0,0.0,0.0,,,03:32:00,,,NaN,NaN,NaN,NaN,NaN,NaN,NaN
,0.0,0.0,0,0,0.0,0.0,,,03:34:00,,,NaN,NaN,NaN,NaN,NaN,NaN,NaN
,0.0,0.0,0,0,0.0,0.0,,,03:36:00,,,NaN,NaN,NaN,NaN,NaN,NaN,NaN
,0.0,0.0,0,0,0.0,0.0,,,03:38:00,,,NaN,NaN,NaN,NaN,NaN,NaN,NaN
,0.0,0.0,0,0,0.0,0.0,,,03:40:00,,,NaN,NaN,NaN,NaN,NaN,NaN,NaN
,0.0,0.0,0,0,0.0,0.0,,,03:42:00,,,NaN,NaN,NaN,NaN,NaN,NaN,NaN
,0.0,0.0,0,0,0.0,0.0,,,03:44:00,,,NaN,NaN,NaN,NaN,NaN,NaN,NaN
,0.0,0.0,0,0,0.0,0.0,,,03:46:00,,,NaN,NaN,NaN,NaN,NaN,NaN,NaN
,0.0,0.0,0,0,0.0,0.0,,,03:48:00,,,NaN,NaN,NaN,NaN,NaN,NaN,NaN
,0.0,0.0,0,0,0.0,0.0,,,03:50:00,,,NaN,NaN,NaN,NaN,NaN,NaN,NaN
,0.0,0.0,0,0,0.0,0.0,,,03:52:00,,,NaN,NaN,NaN,NaN,NaN,NaN,NaN
,0.0,0.0,0,0,0.0,0.0,,,03:54:00,,,NaN,NaN,NaN,NaN,NaN,NaN,NaN
,0.0,0.0,0,0,0.0,0.0,,,03:56:00,,,NaN,NaN,NaN,NaN,NaN,NaN,NaN
,0.0,0.0,0,0,0.0,0.0,,,03:58:00,,,NaN,NaN,NaN,NaN,NaN,NaN,NaN
,0.0,0.0,0,0,0.0,0.0,,,04:00:00,,,NaN,NaN,NaN,NaN,NaN,NaN,NaN
,0.0,0.0,0,0,0.0,0.0,,,04:02:00,,,NaN,NaN,NaN,NaN,NaN,NaN,NaN
,0.0,0.0,0,0,0.0,0.0,,,04:04:00,,,NaN,NaN,NaN,NaN,NaN,NaN,NaN
,0.0,0.0,0,0,0.0,0.0,,,04:06:00,,,NaN,NaN,NaN,NaN,NaN,NaN,NaN
,0.0,0.0,0,0,0.0,0.0,,,04:08:00,,,NaN,NaN,NaN,NaN,NaN,NaN,NaN
,0.0,0.0,0,0,0.0,0.0,,,04:10:00,,,NaN,NaN,NaN,NaN,NaN,NaN,NaN
,0.0,0.0,0,0,0.0,0.0,,,04:12:00,,,NaN,NaN,NaN,NaN,NaN,NaN,NaN
,0.0,0.0,0,0,0.0,0.0,,,04:14:00,,,NaN,NaN,NaN,NaN,NaN,NaN,NaN
,0.0,0.0,0,0,0.0,0.0,,,04:16:00,,,NaN,NaN,NaN,NaN,NaN,NaN,NaN
,0.0,0.0,0,0,0.0,0.0,,,04:18:00,,,NaN,NaN,NaN,NaN,NaN,NaN,NaN
,0.0,0.0,0,0,0.0,0.0,,,04:20:00,,,NaN,NaN,NaN,NaN,NaN,NaN,NaN
,0.0,0.0,0,0,0.0,0.0,,,04:22:00,,,NaN,NaN,NaN,NaN,NaN,NaN,NaN
,0.0,0.0,0,0,0.0,0.0,,,04:24:00,,,NaN,NaN,NaN,NaN,NaN,NaN,NaN
,0.0,0.0,0,0,0.0,0.0,,,04:26:00,,,NaN,NaN,NaN,NaN,NaN,NaN,NaN
,0.0,0.0,0,0,0.0,0.0,,,04:28:00,,,NaN,NaN,NaN,NaN,NaN,NaN,NaN
,0.0,0.0,0,0,0.0,0.0,,,04:30:00,,,NaN,NaN,NaN,NaN,NaN,NaN,NaN
,0.0,0.0,0,0,0.0,0.0,,,04:32:00,,,NaN,NaN,NaN,NaN,NaN,NaN,NaN
,0.0,0.0,0,0,0.0,0.0,,,04:34:00,,,NaN,NaN,NaN,NaN,NaN,NaN,NaN
,0.0,0.0,0,0,0.0,0.0,,,04:36:00,,,NaN,NaN,NaN,NaN,NaN,NaN,NaN
,0.0,0.0,0,0,0.0,0.0,,,04:38:00,,,NaN,NaN,NaN,NaN,NaN,NaN,NaN
,0.0,0.0,0,0,0.0,0.0,,,04:40:00,,,NaN,NaN,NaN,NaN,NaN,NaN,NaN
,0.0,0.0,0,0,0.0,0.0,,,04:42:00,,,NaN,NaN,NaN,NaN,NaN,NaN,NaN
,0.0,0.0,0,0,0.0,0.0,,,04:44:00,,,NaN,NaN,NaN,NaN,NaN,NaN,NaN
,0.0,0.0,0,0,0.0,0.0,,,04:46:00,,,NaN,NaN,NaN,NaN,NaN,NaN,NaN
,0.0,0.0,0,0,0.0,0.0,,,04:48:00,,,NaN,NaN,NaN,NaN,NaN,NaN,NaN
,0.0,0.0,0,0,0.0,0.0,,,04:50:00,,,NaN,NaN,NaN,NaN,NaN,NaN,NaN
,0.0,0.0,0,0,0.0,0.0,,,04:52:00,,,NaN,NaN,NaN,NaN,NaN,NaN,NaN
,0.0,0.0,0,0,0.0,0.0,,,04:54:00,,,NaN,NaN,NaN,NaN,NaN,NaN,NaN
,0.0,0.0,0,0,0.0,0.0,,,04:56:00,,,NaN,NaN,NaN,NaN,NaN,NaN,NaN
,0.0,0.0,0,0,0.0,0.0,,,04:58:00,,,NaN,NaN,NaN,NaN,NaN,NaN,NaN
,0.0,0.0,0,0,0.0,0.0,,,05:00:00,,,NaN,NaN,NaN,NaN,NaN,NaN,NaN
,0.0,0.0,0,0,0.0,0.0,,,05:02:00,,,NaN,NaN,NaN,NaN,NaN,NaN,NaN
,0.0,0.0,0,0,0.0,0.0,,,05:04:00,,,NaN,NaN,NaN,NaN,NaN,NaN,NaN
,0.0,0.0,0,0,0.0,0.0,,,05:06:00,,,NaN,NaN,NaN,NaN,NaN,NaN,NaN
,0.0,0.0,0,0,0.0,0.0,,,05:08:00,,,NaN,NaN,NaN,NaN,NaN,NaN,NaN
,0.0,0.0,0,0,0.0,0.0,,,05:10:00,,,NaN,NaN,NaN,NaN,NaN,NaN,NaN
,0.0,0.0,0,0,0.0,0.0,,,05:12:00,,,NaN,NaN,NaN,NaN,NaN,NaN,NaN
,0.0,0.0,0,0,0.0,0.0,,,05:14:00,,,NaN,NaN,NaN,NaN,NaN,NaN,NaN
,0.0,0.0,0,0,0.0,0.0,,,05:16:00,,,NaN,NaN,NaN,NaN,NaN,NaN,NaN
,0.0,0.0,0,0,0.0,0.0,,,05:18:00,,,NaN,NaN,NaN,NaN,NaN,NaN,NaN
,0.0,0.0,0,0,0.0,0.0,,,05:20:00,,,NaN,NaN,NaN,NaN,NaN,NaN,NaN
,0.0,0.0,0,0,0.0,0.0,,,05:22:00,,,NaN,NaN,NaN,NaN,NaN,NaN,NaN
,0.0,0.0,0,0,0.0,0.0,,,05:24:00,,,NaN,NaN,NaN,NaN,NaN,NaN,NaN
,0.0,0.0,0,0,0.0,0.0,,,05:26:00,,,NaN,NaN,NaN,NaN,NaN,NaN,NaN
,0.0,0.0,0,0,0.0,0.0,,,05:28:00,,,NaN,NaN,NaN,NaN,NaN,NaN,NaN
,0.0,0.0,0,0,0.0,0.0,,,05:30:00,,,NaN,NaN,NaN,NaN,NaN,NaN,NaN
,0.0,0.0,0,0,0.0,0.0,,,05:32:00,,,NaN,NaN,NaN,NaN,NaN,NaN,NaN
,0.0,0.0,0,0,0.0,0.0,,,05:34:00,,,NaN,NaN,NaN,NaN,NaN,NaN,NaN
,0.0,0.0,0,0,0.0,0.0,,,05:36:00,,,NaN,NaN,NaN,NaN,NaN,NaN,NaN
,0.0,0.0,0,0,0.0,0.0,,,05:38:00,,,NaN,NaN,NaN,NaN,NaN,NaN,NaN
,0.0,0.0,0,0,0.0,0.0,,,05:40:00,,,NaN,NaN,NaN,NaN,NaN,NaN,NaN
,0.0,0.0,0,0,0.0,0.0,,,05:42:00,,,NaN,NaN,NaN,NaN,NaN,NaN,NaN
,0.0,0.0,0,0,0.0,0.0,,,05:44:00,,,NaN,NaN,NaN,NaN,NaN,NaN,NaN
,0.0,0.0,0,0,0.0,0.0,,,05:46:00,,,NaN,NaN,NaN,NaN,NaN,NaN,NaN
,0.0,0.0,0,0,0.0,0.0,,,05:48:00,,,NaN,NaN,NaN,NaN,NaN,NaN,NaN
,0.0,0.0,0,0,0.0,0.0,,,05:50:00,,,NaN,NaN,NaN,NaN,NaN,NaN,NaN
,0.0,0.0,0,0,0.0,0.0,,,05:52:00,,,NaN,NaN,NaN,NaN,NaN,NaN,NaN
,0.0,0.0,0,0,0.0,0.0,,,05:54:00,,,NaN,NaN,NaN,NaN,NaN,NaN,NaN
,0.0,0.0,0,0,0.0,0.0,,,05:56:00,,,NaN,NaN,NaN,NaN,NaN,NaN,NaN
,0.0,0.0,0,0,0.0,0.0,,,05:58:00,,,NaN,NaN,NaN,NaN,NaN,NaN,NaN
,0.0,0.0,0,0,0.0,0.0,,,06:00:00,,,NaN,NaN,NaN,NaN,NaN,NaN,NaN
,0.0,0.0,0,0,0.0,0.0,,,06:02:00,,,NaN,NaN,NaN,NaN,NaN,NaN,NaN
,0.0,0.0,0,0,0.0,0.0,,,06:04:00,,,NaN,NaN,NaN,NaN,NaN,NaN,NaN
,0.0,0.0,0,0,0.0,0.0,,,06:06:00,,,NaN,NaN,NaN,NaN,NaN,NaN,NaN
"[152.34475838235292, -26.512049088235294]",1.973,2.781,33,1,118.596,3.808,,,06:08:00,,,NaN,NaN,NaN,NaN,NaN,NaN,NaN
"[152.35771780555555, -26.524810722222227]",2.897,1.366,36,0,133.116,0.0,False,0.13153,06:10:00,,,NaN,NaN,NaN,NaN,NaN,NaN,NaN
"[152.34786516666665, -26.540888270833335]",4.052,0.931,48,0,184.369,0.0,False,0.79964,06:12:00,,,NaN,NaN,NaN,NaN,NaN,NaN,NaN
"[152.35945462318836, -26.54640408695652]",3.762,1.552,67,2,266.422,23.949,False,1.44639,06:14:00,,,NaN,NaN,NaN,NaN,NaN,NaN,NaN
"[152.38489769565223, -26.550811463768117]",3.234,2.1,69,0,267.366,0.0,False,0.0,06:16:00,,,NaN,NaN,NaN,NaN,NaN,NaN,NaN
"[152.3836866000001, -26.555348985714275]",3.623,1.697,62,8,211.197,80.895,False,0.07103,06:18:00,,,NaN,NaN,NaN,NaN,NaN,NaN,NaN
"[152.40257217142855, -26.568543257142867]",3.491,1.828,69,1,228.789,4.429,False,0.0,06:20:00,,,NaN,NaN,NaN,NaN,NaN,NaN,NaN
"[152.41536026984127, -26.579108063492058]",3.34,1.798,63,0,239.545,0.0,False,-0.74325,06:22:00,,,NaN,NaN,NaN,NaN,NaN,NaN,NaN
"[152.41669952941177, -26.58131]",3.431,1.379,51,0,157.055,0.0,False,-1.13643,06:24:00,,,NaN,NaN,NaN,NaN,NaN,NaN,NaN
"[152.4317723, -26.585226742857138]",3.244,2.117,70,0,244.589,0.0,Jump_0,3.34312,06:26:00,No_Radar,No_Radar,NaN,NaN,NaN,NaN,NaN,NaN,NaN
"[152.44199052307692, -26.595401461538472]",3.182,2.043,65,0,224.409,0.0,Jump_0,-0.42455,06:28:00,No_Radar,No_Radar,NaN,NaN,NaN,NaN,NaN,NaN,NaN
"[152.45571361764706, -26.617972338235283]",3.223,2.084,68,0,191.292,0.0,Jump_0,0.25044,06:30:00,No_Radar,No_Radar,NaN,NaN,NaN,NaN,NaN,NaN,NaN
"[152.47215011111112, -26.630019694444442]",3.517,0.926,36,0,114.179,0.0,Jump_0,-2.64111,06:32:00,No_Radar,No_Radar,NaN,NaN,NaN,NaN,NaN,NaN,NaN
"[152.4826333333333, -26.640589499999997]",2.835,1.425,36,0,107.324,0.0,False,0.0,06:34:00,,,NaN,NaN,NaN,NaN,NaN,NaN,NaN
"[152.48442010000002, -26.645670500000005]",3.367,0.562,20,0,67.895,0.0,False,-0.86329,06:36:00,,,NaN,NaN,NaN,NaN,NaN,NaN,NaN
"[152.48555953124998, -26.6523239375]",2.532,1.589,32,0,94.0,0.0,False,0.8412,06:38:00,,,NaN,NaN,NaN,NaN,NaN,NaN,NaN
"[152.51196432727272, -26.65975163636363]",2.297,3.318,55,0,189.903,0.0,False,1.31957,06:40:00,,,NaN,NaN,NaN,NaN,NaN,NaN,NaN
"[152.52423054761903, -26.67847754761905]",2.112,2.996,42,0,154.013,0.0,False,-0.59349,06:42:00,,,NaN,NaN,NaN,NaN,NaN,NaN,NaN
"[152.54132883333335, -26.689312333333337]",2.87,1.391,36,0,103.831,0.0,False,-0.36334,06:44:00,,,NaN,NaN,NaN,NaN,NaN,NaN,NaN
"[152.55269524000002, -26.706422920000005]",2.655,1.129,25,0,88.597,0.0,False,-0.65331,06:46:00,,,NaN,NaN,NaN,NaN,NaN,NaN,NaN
"[152.5800303548387, -26.723914064516133]",2.526,1.546,31,0,86.984,0.0,False,0.38062,06:48:00,,,NaN,NaN,NaN,NaN,NaN,NaN,NaN
,0.0,0.0,0,0,0.0,0.0,,,06:50:00,,,NaN,NaN,NaN,NaN,NaN,NaN,NaN
,0.0,0.0,0,0,0.0,0.0,,,06:52:00,,,NaN,NaN,NaN,NaN,NaN,NaN,NaN
"[152.6019863870968, -26.761320935483877]",2.478,1.607,31,0,92.804,0.0,,,06:54:00,,,NaN,NaN,NaN,NaN,NaN,NaN,NaN
"[152.6199034285714, -26.779167571428573]",2.73,0.897,21,0,80.241,0.0,False,-0.43916,06:56:00,,,NaN,NaN,NaN,NaN,NaN,NaN,NaN
"[152.6280838095238, -26.769390428571427]",2.318,1.244,21,0,89.468,0.0,False,0.0,06:58:00,,,NaN,NaN,NaN,NaN,NaN,NaN,NaN
,0.0,0.0,0,0,0.0,0.0,,,07:00:00,,,NaN,NaN,NaN,NaN,NaN,NaN,NaN
,0.0,0.0,0,0,0.0,0.0,,,07:02:00,,,NaN,NaN,NaN,NaN,NaN,NaN,NaN
,0.0,0.0,0,0,0.0,0.0,,,07:04:00,,,NaN,NaN,NaN,NaN,NaN,NaN,NaN
"[152.703441125, -26.805776916666662]",2.592,1.137,24,0,87.765,0.0,,,07:06:00,,,NaN,NaN,NaN,NaN,NaN,NaN,NaN
"[152.72054130434782, -26.81954052173913]",2.683,1.017,23,0,127.26,0.0,False,-0.06277,07:08:00,,,NaN,NaN,NaN,NaN,NaN,NaN,NaN
,0.0,0.0,0,0,0.0,0.0,,,07:10:00,,,NaN,NaN,NaN,NaN,NaN,NaN,NaN
,0.0,0.0,0,0,0.0,0.0,,,07:12:00,,,NaN,NaN,NaN,NaN,NaN,NaN,NaN
,0.0,0.0,0,0,0.0,0.0,,,07:14:00,,,NaN,NaN,NaN,NaN,NaN,NaN,NaN
"[152.7640996, -26.616160833333332]",17.057,0.033,30,0,120.378,0.0,,,07:16:00,,,NaN,NaN,NaN,NaN,NaN,NaN,NaN
"[152.76188911904762, -26.510214500000004]",2.047,3.192,41,1,198.601,3.61,False,0.63627,07:18:00,,,NaN,NaN,NaN,NaN,NaN,NaN,NaN
"[152.77899241935484, -26.6247005967742]",17.389,0.065,61,1,289.235,8.364,False,1.03252,07:20:00,,,NaN,NaN,NaN,NaN,NaN,NaN,NaN
"[152.79773347435906, -26.615019961538465]",15.779,0.1,78,0,339.326,0.0,False,1.2315,07:22:00,,,NaN,NaN,NaN,NaN,NaN,NaN,NaN
"[152.81391538383835, -26.586928949494936]",12.345,0.207,97,2,375.895,26.093,False,1.91067,07:24:00,,,NaN,NaN,NaN,NaN,NaN,NaN,NaN
"[152.8096610666666, -26.561987106666678]",8.033,0.37,75,0,284.811,0.0,False,-3.56978,07:26:00,,,NaN,NaN,NaN,NaN,NaN,NaN,NaN
"[152.81982319540234, -26.601631448275864]",12.73,0.171,87,0,326.384,0.0,False,0.6387,07:28:00,,,NaN,NaN,NaN,NaN,NaN,NaN,NaN
"[152.8251486923077, -26.542249884615387]",2.563,2.52,52,0,193.317,0.0,False,-1.86286,07:30:00,,,NaN,NaN,NaN,NaN,NaN,NaN,NaN
"[152.84796539130437, -26.65171184057972]",16.084,0.085,69,0,246.039,0.0,False,0.66399,07:32:00,,,NaN,NaN,NaN,NaN,NaN,NaN,NaN
"[152.8641832222222, -26.628555000000002]",12.416,0.186,90,0,337.847,0.0,False,0.81453,07:34:00,,,NaN,NaN,NaN,NaN,NaN,NaN,NaN
"[152.85139584137934, -26.608098013793096]",6.27,1.174,145,0,494.528,0.0,Jump_1,2.13329,07:36:00,No_Radar,No_Radar,NaN,NaN,NaN,NaN,NaN,NaN,NaN
"[152.86465417499997, -26.628141325000005]",7.437,1.151,198,2,754.634,24.677,Jump_1,1.70877,07:38:00,No_Radar,No_Radar,NaN,NaN,NaN,NaN,NaN,NaN,NaN
"[152.88444275850335, -26.619861418367346]",5.148,3.531,294,0,1160.572,0.0,Jump_1,2.54631,07:40:00,No_Radar,No_Radar,NaN,NaN,NaN,NaN,NaN,NaN,NaN
"[152.8997327716536, -26.644663921259855]",7.224,1.549,254,0,980.309,0.0,Jump_1,-1.2805,07:42:00,No_Radar,No_Radar,NaN,NaN,NaN,NaN,NaN,NaN,NaN
"[152.9150242741935, -26.67595851075269]",10.567,0.53,186,0,773.412,0.0,Jump_1,-1.35446,07:44:00,No_Radar,No_Radar,NaN,NaN,NaN,NaN,NaN,NaN,NaN
"[152.9098295619048, -26.647034961904765]",5.144,2.526,208,2,818.718,14.484,Jump_1,0.34581,07:46:00,No_Radar,No_Radar,NaN,NaN,NaN,NaN,NaN,NaN,NaN
"[152.92809201408465, -26.650988154929582]",4.271,3.717,212,1,916.464,8.368,False,0.04495,07:48:00,,,NaN,NaN,NaN,NaN,NaN,NaN,NaN
"[152.94635892213103, -26.677125176229524]",5.926,2.211,240,4,1119.541,96.371,False,0.49622,07:50:00,,,NaN,NaN,NaN,NaN,NaN,NaN,NaN
"[152.96522644927526, -26.686294884057975]",4.972,2.665,206,1,1005.116,10.7,False,-0.86789,07:52:00,,,NaN,NaN,NaN,NaN,NaN,NaN,NaN
"[152.98855409722222, -26.68309535416666]",3.679,3.386,144,0,722.97,0.0,False,-1.49564,07:54:00,,,NaN,NaN,NaN,NaN,NaN,NaN,NaN
"[153.0163580000001, -26.700619366906494]",5.25,1.605,136,3,557.883,46.826,False,-0.12374,07:56:00,,,NaN,NaN,NaN,NaN,NaN,NaN,NaN
"[153.02324552941172, -26.730069300653597]",7.456,0.876,152,1,621.781,3.657,False,0.38371,07:58:00,,,NaN,NaN,NaN,NaN,NaN,NaN,NaN
"[153.04430431007748, -26.750358038759696]",9.361,0.469,126,3,500.73,89.462,False,-0.63027,08:00:00,,,NaN,NaN,NaN,NaN,NaN,NaN,NaN
"[153.07491869599997, -26.722191095999992]",7.147,0.779,125,0,569.044,0.0,False,-0.13542,08:02:00,,,NaN,NaN,NaN,NaN,NaN,NaN,NaN
"[153.07992183088234, -26.744926985294114]",7.728,0.725,136,0,545.457,0.0,False,0.37525,08:04:00,,,NaN,NaN,NaN,NaN,NaN,NaN,NaN
"[153.1122204913793, -26.77265801724137]",10.902,0.311,116,0,428.912,0.0,False,-1.3179,08:06:00,,,NaN,NaN,NaN,NaN,NaN,NaN,NaN
"[153.12294037894733, -26.740200210526314]",9.395,0.343,94,1,335.862,18.132,False,-1.21082,08:08:00,,,NaN,NaN,NaN,NaN,NaN,NaN,NaN
"[153.13931774418612, -26.781361255813948]",10.82,0.234,85,1,367.3,16.731,False,-0.60637,08:10:00,,,NaN,NaN,NaN,NaN,NaN,NaN,NaN
"[153.1346533205128, -26.791788525641014]",8.021,0.386,78,0,266.984,0.0,False,-0.60946,08:12:00,,,NaN,NaN,NaN,NaN,NaN,NaN,NaN
"[153.18057779761904, -26.779463440476174]",7.306,0.501,84,0,289.324,0.0,False,0.46527,08:14:00,,,NaN,NaN,NaN,NaN,NaN,NaN,NaN
"[153.19387136923075, -26.806944415384624]",6.891,0.436,65,0,218.038,0.0,False,-1.73229,08:16:00,,,NaN,NaN,NaN,NaN,NaN,NaN,NaN
"[153.2089614117647, -26.81306917647058]",7.258,0.308,50,1,165.573,31.517,False,-1.30155,08:18:00,,,NaN,NaN,NaN,NaN,NaN,NaN,NaN
"[153.2143600759493, -26.810169911392407]",6.085,0.679,79,0,259.134,0.0,Jump_2,2.98991,08:20:00,No_Radar,No_Radar,NaN,NaN,NaN,NaN,NaN,NaN,NaN
"[153.237820075, -26.817110599999996]",5.991,0.355,40,0,140.579,0.0,Jump_2,-2.06179,08:22:00,No_Radar,No_Radar,NaN,NaN,NaN,NaN,NaN,NaN,NaN
"[153.22111503999997, -26.84262844]",4.789,0.347,25,0,92.938,0.0,Jump_2,-0.58731,08:24:00,No_Radar,No_Radar,NaN,NaN,NaN,NaN,NaN,NaN,NaN
"[152.18367339130435, -26.61159769565217]",2.222,1.483,23,0,84.844,0.0,Jump_2,-0.08181,08:26:00,No_Radar,No_Radar,NaN,NaN,NaN,NaN,NaN,NaN,NaN
"[153.24513766666664, -26.85183514285715]",6.135,0.178,21,0,82.126,0.0,False,-0.08204,08:28:00,,,NaN,NaN,NaN,NaN,NaN,NaN,NaN
"[153.24953842857144, -26.8653005]",5.606,0.284,28,0,112.311,0.0,False,0.28831,08:30:00,,,NaN,NaN,NaN,NaN,NaN,NaN,NaN
"[153.26460134285708, -26.88043451428571]",5.44,0.376,35,0,119.446,0.0,False,0.39088,08:32:00,,,NaN,NaN,NaN,NaN,NaN,NaN,NaN
"[153.29938580000004, -26.88443545]",5.626,0.201,20,0,77.585,0.0,False,-1.66155,08:34:00,,,NaN,NaN,NaN,NaN,NaN,NaN,NaN
"[152.2328478695652, -26.617079956521742]",2.908,0.866,23,0,82.419,0.0,False,0.33231,08:36:00,,,NaN,NaN,NaN,NaN,NaN,NaN,NaN
,0.0,0.0,0,0,0.0,0.0,,,08:38:00,,,NaN,NaN,NaN,NaN,NaN,NaN,NaN
"[153.29589315, -26.927936]",4.901,0.265,20,0,76.206,0.0,,,08:40:00,,,NaN,NaN,NaN,NaN,NaN,NaN,NaN
,0.0,0.0,0,0,0.0,0.0,,,08:42:00,,,NaN,NaN,NaN,NaN,NaN,NaN,NaN
,0.0,0.0,0,0,0.0,0.0,,,08:44:00,,,NaN,NaN,NaN,NaN,NaN,NaN,NaN
,0.0,0.0,0,0,0.0,0.0,,,08:46:00,,,NaN,NaN,NaN,NaN,NaN,NaN,NaN
,0.0,0.0,0,0,0.0,0.0,,,08:48:00,,,NaN,NaN,NaN,NaN,NaN,NaN,NaN
,0.0,0.0,0,0,0.0,0.0,,,08:50:00,,,NaN,NaN,NaN,NaN,NaN,NaN,NaN
,0.0,0.0,0,0,0.0,0.0,,,08:52:00,,,NaN,NaN,NaN,NaN,NaN,NaN,NaN
,0.0,0.0,0,0,0.0,0.0,,,08:54:00,,,NaN,NaN,NaN,NaN,NaN,NaN,NaN
,0.0,0.0,0,0,0.0,0.0,,,08:56:00,,,NaN,NaN,NaN,NaN,NaN,NaN,NaN
,0.0,0.0,0,0,0.0,0.0,,,08:58:00,,,NaN,NaN,NaN,NaN,NaN,NaN,NaN
,0.0,0.0,0,0,0.0,0.0,,,09:00:00,,,NaN,NaN,NaN,NaN,NaN,NaN,NaN
,0.0,0.0,0,0,0.0,0.0,,,09:02:00,,,NaN,NaN,NaN,NaN,NaN,NaN,NaN
,0.0,0.0,0,0,0.0,0.0,,,09:04:00,,,NaN,NaN,NaN,NaN,NaN,NaN,NaN
,0.0,0.0,0,0,0.0,0.0,,,09:06:00,,,NaN,NaN,NaN,NaN,NaN,NaN,NaN
,0.0,0.0,0,0,0.0,0.0,,,09:08:00,,,NaN,NaN,NaN,NaN,NaN,NaN,NaN
,0.0,0.0,0,0,0.0,0.0,,,09:10:00,,,NaN,NaN,NaN,NaN,NaN,NaN,NaN
,0.0,0.0,0,0,0.0,0.0,,,09:12:00,,,NaN,NaN,NaN,NaN,NaN,NaN,NaN
,0.0,0.0,0,0,0.0,0.0,,,09:14:00,,,NaN,NaN,NaN,NaN,NaN,NaN,NaN
,0.0,0.0,0,0,0.0,0.0,,,09:16:00,,,NaN,NaN,NaN,NaN,NaN,NaN,NaN
,0.0,0.0,0,0,0.0,0.0,,,09:18:00,,,NaN,NaN,NaN,NaN,NaN,NaN,NaN
,0.0,0.0,0,0,0.0,0.0,,,09:20:00,,,NaN,NaN,NaN,NaN,NaN,NaN,NaN
,0.0,0.0,0,0,0.0,0.0,,,09:22:00,,,NaN,NaN,NaN,NaN,NaN,NaN,NaN
,0.0,0.0,0,0,0.0,0.0,,,09:24:00,,,NaN,NaN,NaN,NaN,NaN,NaN,NaN
,0.0,0.0,0,0,0.0,0.0,,,09:26:00,,,NaN,NaN,NaN,NaN,NaN,NaN,NaN
,0.0,0.0,0,0,0.0,0.0,,,09:28:00,,,NaN,NaN,NaN,NaN,NaN,NaN,NaN
,0.0,0.0,0,0,0.0,0.0,,,09:30:00,,,NaN,NaN,NaN,NaN,NaN,NaN,NaN
,0.0,0.0,0,0,0.0,0.0,,,09:32:00,,,NaN,NaN,NaN,NaN,NaN,NaN,NaN
,0.0,0.0,0,0,0.0,0.0,,,09:34:00,,,NaN,NaN,NaN,NaN,NaN,NaN,NaN
,0.0,0.0,0,0,0.0,0.0,,,09:36:00,,,NaN,NaN,NaN,NaN,NaN,NaN,NaN
,0.0,0.0,0,0,0.0,0.0,,,09:38:00,,,NaN,NaN,NaN,NaN,NaN,NaN,NaN
,0.0,0.0,0,0,0.0,0.0,,,09:40:00,,,NaN,NaN,NaN,NaN,NaN,NaN,NaN
,0.0,0.0,0,0,0.0,0.0,,,09:42:00,,,NaN,NaN,NaN,NaN,NaN,NaN,NaN
,0.0,0.0,0,0,0.0,0.0,,,09:44:00,,,NaN,NaN,NaN,NaN,NaN,NaN,NaN
,0.0,0.0,0,0,0.0,0.0,,,09:46:00,,,NaN,NaN,NaN,NaN,NaN,NaN,NaN
,0.0,0.0,0,0,0.0,0.0,,,09:48:00,,,NaN,NaN,NaN,NaN,NaN,NaN,NaN
,0.0,0.0,0,0,0.0,0.0,,,09:50:00,,,NaN,NaN,NaN,NaN,NaN,NaN,NaN
,0.0,0.0,0,0,0.0,0.0,,,09:52:00,,,NaN,NaN,NaN,NaN,NaN,NaN,NaN
,0.0,0.0,0,0,0.0,0.0,,,09:54:00,,,NaN,NaN,NaN,NaN,NaN,NaN,NaN
,0.0,0.0,0,0,0.0,0.0,,,09:56:00,,,NaN,NaN,NaN,NaN,NaN,NaN,NaN
,0.0,0.0,0,0,0.0,0.0,,,09:58:00,,,NaN,NaN,NaN,NaN,NaN,NaN,NaN
,0.0,0.0,0,0,0.0,0.0,,,10:00:00,,,NaN,NaN,NaN,NaN,NaN,NaN,NaN
,0.0,0.0,0,0,0.0,0.0,,,10:02:00,,,NaN,NaN,NaN,NaN,NaN,NaN,NaN
,0.0,0.0,0,0,0.0,0.0,,,10:04:00,,,NaN,NaN,NaN,NaN,NaN,NaN,NaN
,0.0,0.0,0,0,0.0,0.0,,,10:06:00,,,NaN,NaN,NaN,NaN,NaN,NaN,NaN
,0.0,0.0,0,0,0.0,0.0,,,10:08:00,,,NaN,NaN,NaN,NaN,NaN,NaN,NaN
,0.0,0.0,0,0,0.0,0.0,,,10:10:00,,,NaN,NaN,NaN,NaN,NaN,NaN,NaN
,0.0,0.0,0,0,0.0,0.0,,,10:12:00,,,NaN,NaN,NaN,NaN,NaN,NaN,NaN
,0.0,0.0,0,0,0.0,0.0,,,10:14:00,,,NaN,NaN,NaN,NaN,NaN,NaN,NaN
,0.0,0.0,0,0,0.0,0.0,,,10:16:00,,,NaN,NaN,NaN,NaN,NaN,NaN,NaN
,0.0,0.0,0,0,0.0,0.0,,,10:18:00,,,NaN,NaN,NaN,NaN,NaN,NaN,NaN
,0.0,0.0,0,0,0.0,0.0,,,10:20:00,,,NaN,NaN,NaN,NaN,NaN,NaN,NaN
,0.0,0.0,0,0,0.0,0.0,,,10:22:00,,,NaN,NaN,NaN,NaN,NaN,NaN,NaN
,0.0,0.0,0,0,0.0,0.0,,,10:24:00,,,NaN,NaN,NaN,NaN,NaN,NaN,NaN
,0.0,0.0,0,0,0.0,0.0,,,10:26:00,,,NaN,NaN,NaN,NaN,NaN,NaN,NaN
,0.0,0.0,0,0,0.0,0.0,,,10:28:00,,,NaN,NaN,NaN,NaN,NaN,NaN,NaN
,0.0,0.0,0,0,0.0,0.0,,,10:30:00,,,NaN,NaN,NaN,NaN,NaN,NaN,NaN
,0.0,0.0,0,0,0.0,0.0,,,10:32:00,,,NaN,NaN,NaN,NaN,NaN,NaN,NaN
,0.0,0.0,0,0,0.0,0.0,,,10:34:00,,,NaN,NaN,NaN,NaN,NaN,NaN,NaN
,0.0,0.0,0,0,0.0,0.0,,,10:36:00,,,NaN,NaN,NaN,NaN,NaN,NaN,NaN
,0.0,0.0,0,0,0.0,0.0,,,10:38:00,,,NaN,NaN,NaN,NaN,NaN,NaN,NaN
,0.0,0.0,0,0,0.0,0.0,,,10:40:00,,,NaN,NaN,NaN,NaN,NaN,NaN,NaN
,0.0,0.0,0,0,0.0,0.0,,,10:42:00,,,NaN,NaN,NaN,NaN,NaN,NaN,NaN
,0.0,0.0,0,0,0.0,0.0,,,10:44:00,,,NaN,NaN,NaN,NaN,NaN,NaN,NaN
,0.0,0.0,0,0,0.0,0.0,,,10:46:00,,,NaN,NaN,NaN,NaN,NaN,NaN,NaN
,0.0,0.0,0,0,0.0,0.0,,,10:48:00,,,NaN,NaN,NaN,NaN,NaN,NaN,NaN
,0.0,0.0,0,0,0.0,0.0,,,10:50:00,,,NaN,NaN,NaN,NaN,NaN,NaN,NaN
,0.0,0.0,0,0,0.0,0.0,,,10:52:00,,,NaN,NaN,NaN,NaN,NaN,NaN,NaN
,0.0,0.0,0,0,0.0,0.0,,,10:54:00,,,NaN,NaN,NaN,NaN,NaN,NaN,NaN
,0.0,0.0,0,0,0.0,0.0,,,10:56:00,,,NaN,NaN,NaN,NaN,NaN,NaN,NaN
,0.0,0.0,0,0,0.0,0.0,,,10:58:00,,,NaN,NaN,NaN,NaN,NaN,NaN,NaN
,0.0,0.0,0,0,0.0,0.0,,,11:00:00,,,NaN,NaN,NaN,NaN,NaN,NaN,NaN
,0.0,0.0,0,0,0.0,0.0,,,11:02:00,,,NaN,NaN,NaN,NaN,NaN,NaN,NaN
,0.0,0.0,0,0,0.0,0.0,,,11:04:00,,,NaN,NaN,NaN,NaN,NaN,NaN,NaN
,0.0,0.0,0,0,0.0,0.0,,,11:06:00,,,NaN,NaN,NaN,NaN,NaN,NaN,NaN
,0.0,0.0,0,0,0.0,0.0,,,11:08:00,,,NaN,NaN,NaN,NaN,NaN,NaN,NaN
,0.0,0.0,0,0,0.0,0.0,,,11:10:00,,,NaN,NaN,NaN,NaN,NaN,NaN,NaN
,0.0,0.0,0,0,0.0,0.0,,,11:12:00,,,NaN,NaN,NaN,NaN,NaN,NaN,NaN
,0.0,0.0,0,0,0.0,0.0,,,11:14:00,,,NaN,NaN,NaN,NaN,NaN,NaN,NaN
,0.0,0.0,0,0,0.0,0.0,,,11:16:00,,,NaN,NaN,NaN,NaN,NaN,NaN,NaN
,0.0,0.0,0,0,0.0,0.0,,,11:18:00,,,NaN,NaN,NaN,NaN,NaN,NaN,NaN
,0.0,0.0,0,0,0.0,0.0,,,11:20:00,,,NaN,NaN,NaN,NaN,NaN,NaN,NaN
,0.0,0.0,0,0,0.0,0.0,,,11:22:00,,,NaN,NaN,NaN,NaN,NaN,NaN,NaN
,0.0,0.0,0,0,0.0,0.0,,,11:24:00,,,NaN,NaN,NaN,NaN,NaN,NaN,NaN
,0.0,0.0,0,0,0.0,0.0,,,11:26:00,,,NaN,NaN,NaN,NaN,NaN,NaN,NaN
,0.0,0.0,0,0,0.0,0.0,,,11:28:00,,,NaN,NaN,NaN,NaN,NaN,NaN,NaN
,0.0,0.0,0,0,0.0,0.0,,,11:30:00,,,NaN,NaN,NaN,NaN,NaN,NaN,NaN
,0.0,0.0,0,0,0.0,0.0,,,11:32:00,,,NaN,NaN,NaN,NaN,NaN,NaN,NaN
,0.0,0.0,0,0,0.0,0.0,,,11:34:00,,,NaN,NaN,NaN,NaN,NaN,NaN,NaN
,0.0,0.0,0,0,0.0,0.0,,,11:36:00,,,NaN,NaN,NaN,NaN,NaN,NaN,NaN
,0.0,0.0,0,0,0.0,0.0,,,11:38:00,,,NaN,NaN,NaN,NaN,NaN,NaN,NaN
,0.0,0.0,0,0,0.0,0.0,,,11:40:00,,,NaN,NaN,NaN,NaN,NaN,NaN,NaN
,0.0,0.0,0,0,0.0,0.0,,,11:42:00,,,NaN,NaN,NaN,NaN,NaN,NaN,NaN
,0.0,0.0,0,0,0.0,0.0,,,11:44:00,,,NaN,NaN,NaN,NaN,NaN,NaN,NaN
,0.0,0.0,0,0,0.0,0.0,,,11:46:00,,,NaN,NaN,NaN,NaN,NaN,NaN,NaN
,0.0,0.0,0,0,0.0,0.0,,,11:48:00,,,NaN,NaN,NaN,NaN,NaN,NaN,NaN
,0.0,0.0,0,0,0.0,0.0,,,11:50:00,,,NaN,NaN,NaN,NaN,NaN,NaN,NaN
,0.0,0.0,0,0,0.0,0.0,,,11:52:00,,,NaN,NaN,NaN,NaN,NaN,NaN,NaN
,0.0,0.0,0,0,0.0,0.0,,,11:54:00,,,NaN,NaN,NaN,NaN,NaN,NaN,NaN
,0.0,0.0,0,0,0.0,0.0,,,11:56:00,,,NaN,NaN,NaN,NaN,NaN,NaN,NaN
,0.0,0.0,0,0,0.0,0.0,,,11:58:00,,,NaN,NaN,NaN,NaN,NaN,NaN,NaN
,0.0,0.0,0,0,0.0,0.0,,,12:00:00,,,NaN,NaN,NaN,NaN,NaN,NaN,NaN
,0.0,0.0,0,0,0.0,0.0,,,12:02:00,,,NaN,NaN,NaN,NaN,NaN,NaN,NaN
,0.0,0.0,0,0,0.0,0.0,,,12:04:00,,,NaN,NaN,NaN,NaN,NaN,NaN,NaN
,0.0,0.0,0,0,0.0,0.0,,,12:06:00,,,NaN,NaN,NaN,NaN,NaN,NaN,NaN
,0.0,0.0,0,0,0.0,0.0,,,12:08:00,,,NaN,NaN,NaN,NaN,NaN,NaN,NaN
,0.0,0.0,0,0,0.0,0.0,,,12:10:00,,,NaN,NaN,NaN,NaN,NaN,NaN,NaN
,0.0,0.0,0,0,0.0,0.0,,,12:12:00,,,NaN,NaN,NaN,NaN,NaN,NaN,NaN
,0.0,0.0,0,0,0.0,0.0,,,12:14:00,,,NaN,NaN,NaN,NaN,NaN,NaN,NaN
,0.0,0.0,0,0,0.0,0.0,,,12:16:00,,,NaN,NaN,NaN,NaN,NaN,NaN,NaN
,0.0,0.0,0,0,0.0,0.0,,,12:18:00,,,NaN,NaN,NaN,NaN,NaN,NaN,NaN
,0.0,0.0,0,0,0.0,0.0,,,12:20:00,,,NaN,NaN,NaN,NaN,NaN,NaN,NaN
,0.0,0.0,0,0,0.0,0.0,,,12:22:00,,,NaN,NaN,NaN,NaN,NaN,NaN,NaN
,0.0,0.0,0,0,0.0,0.0,,,12:24:00,,,NaN,NaN,NaN,NaN,NaN,NaN,NaN
,0.0,0.0,0,0,0.0,0.0,,,12:26:00,,,NaN,NaN,NaN,NaN,NaN,NaN,NaN
,0.0,0.0,0,0,0.0,0.0,,,12:28:00,,,NaN,NaN,NaN,NaN,NaN,NaN,NaN
,0.0,0.0,0,0,0.0,0.0,,,12:30:00,,,NaN,NaN,NaN,NaN,NaN,NaN,NaN
,0.0,0.0,0,0,0.0,0.0,,,12:32:00,,,NaN,NaN,NaN,NaN,NaN,NaN,NaN
,0.0,0.0,0,0,0.0,0.0,,,12:34:00,,,NaN,NaN,NaN,NaN,NaN,NaN,NaN
,0.0,0.0,0,0,0.0,0.0,,,12:36:00,,,NaN,NaN,NaN,NaN,NaN,NaN,NaN
,0.0,0.0,0,0,0.0,0.0,,,12:38:00,,,NaN,NaN,NaN,NaN,NaN,NaN,NaN
,0.0,0.0,0,0,0.0,0.0,,,12:40:00,,,NaN,NaN,NaN,NaN,NaN,NaN,NaN
,0.0,0.0,0,0,0.0,0.0,,,12:42:00,,,NaN,NaN,NaN,NaN,NaN,NaN,NaN
,0.0,0.0,0,0,0.0,0.0,,,12:44:00,,,NaN,NaN,NaN,NaN,NaN,NaN,NaN
,0.0,0.0,0,0,0.0,0.0,,,12:46:00,,,NaN,NaN,NaN,NaN,NaN,NaN,NaN
,0.0,0.0,0,0,0.0,0.0,,,12:48:00,,,NaN,NaN,NaN,NaN,NaN,NaN,NaN
,0.0,0.0,0,0,0.0,0.0,,,12:50:00,,,NaN,NaN,NaN,NaN,NaN,NaN,NaN
,0.0,0.0,0,0,0.0,0.0,,,12:52:00,,,NaN,NaN,NaN,NaN,NaN,NaN,NaN
,0.0,0.0,0,0,0.0,0.0,,,12:54:00,,,NaN,NaN,NaN,NaN,NaN,NaN,NaN
,0.0,0.0,0,0,0.0,0.0,,,12:56:00,,,NaN,NaN,NaN,NaN,NaN,NaN,NaN
,0.0,0.0,0,0,0.0,0.0,,,12:58:00,,,NaN,NaN,NaN,NaN,NaN,NaN,NaN
,0.0,0.0,0,0,0.0,0.0,,,13:00:00,,,NaN,NaN,NaN,NaN,NaN,NaN,NaN
,0.0,0.0,0,0,0.0,0.0,,,13:02:00,,,NaN,NaN,NaN,NaN,NaN,NaN,NaN
,0.0,0.0,0,0,0.0,0.0,,,13:04:00,,,NaN,NaN,NaN,NaN,NaN,NaN,NaN
,0.0,0.0,0,0,0.0,0.0,,,13:06:00,,,NaN,NaN,NaN,NaN,NaN,NaN,NaN
,0.0,0.0,0,0,0.0,0.0,,,13:08:00,,,NaN,NaN,NaN,NaN,NaN,NaN,NaN
,0.0,0.0,0,0,0.0,0.0,,,13:10:00,,,NaN,NaN,NaN,NaN,NaN,NaN,NaN
,0.0,0.0,0,0,0.0,0.0,,,13:12:00,,,NaN,NaN,NaN,NaN,NaN,NaN,NaN
,0.0,0.0,0,0,0.0,0.0,,,13:14:00,,,NaN,NaN,NaN,NaN,NaN,NaN,NaN
,0.0,0.0,0,0,0.0,0.0,,,13:16:00,,,NaN,NaN,NaN,NaN,NaN,NaN,NaN
,0.0,0.0,0,0,0.0,0.0,,,13:18:00,,,NaN,NaN,NaN,NaN,NaN,NaN,NaN
,0.0,0.0,0,0,0.0,0.0,,,13:20:00,,,NaN,NaN,NaN,NaN,NaN,NaN,NaN
,0.0,0.0,0,0,0.0,0.0,,,13:22:00,,,NaN,NaN,NaN,NaN,NaN,NaN,NaN
,0.0,0.0,0,0,0.0,0.0,,,13:24:00,,,NaN,NaN,NaN,NaN,NaN,NaN,NaN
,0.0,0.0,0,0,0.0,0.0,,,13:26:00,,,NaN,NaN,NaN,NaN,NaN,NaN,NaN
,0.0,0.0,0,0,0.0,0.0,,,13:28:00,,,NaN,NaN,NaN,NaN,NaN,NaN,NaN
,0.0,0.0,0,0,0.0,0.0,,,13:30:00,,,NaN,NaN,NaN,NaN,NaN,NaN,NaN
,0.0,0.0,0,0,0.0,0.0,,,13:32:00,,,NaN,NaN,NaN,NaN,NaN,NaN,NaN
,0.0,0.0,0,0,0.0,0.0,,,13:34:00,,,NaN,NaN,NaN,NaN,NaN,NaN,NaN
,0.0,0.0,0,0,0.0,0.0,,,13:36:00,,,NaN,NaN,NaN,NaN,NaN,NaN,NaN
,0.0,0.0,0,0,0.0,0.0,,,13:38:00,,,NaN,NaN,NaN,NaN,NaN,NaN,NaN
,0.0,0.0,0,0,0.0,0.0,,,13:40:00,,,NaN,NaN,NaN,NaN,NaN,NaN,NaN
,0.0,0.0,0,0,0.0,0.0,,,13:42:00,,,NaN,NaN,NaN,NaN,NaN,NaN,NaN
,0.0,0.0,0,0,0.0,0.0,,,13:44:00,,,NaN,NaN,NaN,NaN,NaN,NaN,NaN
,0.0,0.0,0,0,0.0,0.0,,,13:46:00,,,NaN,NaN,NaN,NaN,NaN,NaN,NaN
"[151.94418372619052, -27.423697047619054]",8.005,0.417,79,5,353.237,85.999,,,13:48:00,,,NaN,NaN,NaN,NaN,NaN,NaN,NaN
"[151.1941819193548, -27.512738548387073]",34.393,0.083,298,12,1097.165,297.744,Jump_3,6.01609,13:50:00,No_Radar,No_Radar,NaN,NaN,NaN,NaN,NaN,NaN,NaN
"[151.2408101105263, -27.520393576315804]",35.968,0.093,367,13,1226.07,338.658,Jump_3,0.70972,13:52:00,No_Radar,No_Radar,NaN,NaN,NaN,NaN,NaN,NaN,NaN
"[151.04867049446486, -27.570890848708462]",9.581,0.94,269,2,842.443,135.088,Jump_3,-1.17964,13:54:00,No_Radar,No_Radar,NaN,NaN,NaN,NaN,NaN,NaN,NaN
"[151.06473269047615, -27.58683359863946]",10.696,0.818,292,2,963.96,52.511,Jump_3,0.18744,13:56:00,No_Radar,No_Radar,NaN,NaN,NaN,NaN,NaN,NaN,NaN
"[151.0725691971832, -27.606196104225337]",9.532,1.244,355,0,1152.253,0.0,False,0.5059,13:58:00,,,NaN,NaN,NaN,NaN,NaN,NaN,NaN
"[151.08515105555554, -27.62967792735043]",7.766,1.235,234,0,673.257,0.0,False,-1.00992,14:00:00,,,NaN,NaN,NaN,NaN,NaN,NaN,NaN
"[151.13155209292037, -27.635358699115056]",9.785,0.751,225,1,737.555,4.239,False,-0.08612,14:02:00,,,NaN,NaN,NaN,NaN,NaN,NaN,NaN
"[151.34092109883724, -27.607189325581405]",30.601,0.058,169,3,677.147,100.47,False,-0.6686,14:04:00,,,NaN,NaN,NaN,NaN,NaN,NaN,NaN
"[151.33594469886364, -27.60961719886363]",25.795,0.084,173,3,550.155,74.071,False,0.0567,14:06:00,,,NaN,NaN,NaN,NaN,NaN,NaN,NaN
"[151.39124279746835, -27.608942987341766]",30.194,0.055,153,5,585.654,71.743,False,-0.26416,14:08:00,,,NaN,NaN,NaN,NaN,NaN,NaN,NaN
"[151.41348745390076, -27.61737178014185]",28.172,0.057,140,1,455.418,3.898,False,-0.33666,14:10:00,,,NaN,NaN,NaN,NaN,NaN,NaN,NaN
"[151.37835749659868, -27.632248442176873]",24.44,0.078,145,2,527.443,56.867,False,0.27682,14:12:00,,,NaN,NaN,NaN,NaN,NaN,NaN,NaN
"[151.34751255652174, -27.616796165217398]",16.388,0.136,113,2,438.443,45.364,False,-1.32508,14:14:00,,,NaN,NaN,NaN,NaN,NaN,NaN,NaN
"[151.33857191176472, -27.672260460784326]",17.241,0.109,97,5,464.573,85.375,False,-0.80654,14:16:00,,,NaN,NaN,NaN,NaN,NaN,NaN,NaN
"[151.5597524460431, -27.62015913669065]",31.244,0.045,131,8,542.234,176.934,Jump_4,2.70788,14:18:00,No_Radar,No_Radar,NaN,NaN,NaN,NaN,NaN,NaN,NaN
"[151.3928811954023, -27.662766977011493]",17.525,0.09,86,1,319.028,61.493,Jump_4,-1.96024,14:20:00,No_Radar,No_Radar,NaN,NaN,NaN,NaN,NaN,NaN,NaN
"[151.5773625877193, -27.66897937719299]",35.022,0.03,101,13,377.83,267.915,Jump_4,0.7861,14:22:00,No_Radar,No_Radar,NaN,NaN,NaN,NaN,NaN,NaN,NaN
"[151.36353382291665, -27.73032471875001]",14.901,0.138,96,0,481.737,0.0,Jump_4,-0.47364,14:24:00,No_Radar,No_Radar,NaN,NaN,NaN,NaN,NaN,NaN,NaN
"[151.3848065454545, -27.723573477272726]",14.327,0.205,127,5,454.968,149.976,False,0.99628,14:26:00,,,NaN,NaN,NaN,NaN,NaN,NaN,NaN
"[151.3984774810127, -27.72411527848101]",14.68,0.117,77,2,251.699,68.152,False,-1.34166,14:28:00,,,NaN,NaN,NaN,NaN,NaN,NaN,NaN
"[151.399229, -27.746215846153866]",12.54,0.263,130,0,433.053,0.0,False,1.20695,14:30:00,,,NaN,NaN,NaN,NaN,NaN,NaN,NaN
"[151.42561055900626, -27.73455337267082]",13.51,0.281,160,1,533.159,15.265,False,0.72126,14:32:00,,,NaN,NaN,NaN,NaN,NaN,NaN,NaN
"[151.4037854517767, -27.784563411167518]",13.589,0.34,195,2,611.215,64.564,False,0.82867,14:34:00,,,NaN,NaN,NaN,NaN,NaN,NaN,NaN
"[151.6074865337837, -27.776449675675682]",33.809,0.041,143,5,489.392,78.533,False,-1.17784,14:36:00,,,NaN,NaN,NaN,NaN,NaN,NaN,NaN
"[151.46741656310678, -27.828791388349515]",19.121,0.09,97,6,370.37,126.612,False,-0.89924,14:38:00,,,NaN,NaN,NaN,NaN,NaN,NaN,NaN
"[151.48554265476196, -27.8226630357143]",17.265,0.09,83,1,293.4,12.197,False,-0.39685,14:40:00,,,NaN,NaN,NaN,NaN,NaN,NaN,NaN
"[151.4941121562501, -27.82937365625]",13.812,0.16,95,1,372.738,5.804,False,0.29496,14:42:00,,,NaN,NaN,NaN,NaN,NaN,NaN,NaN
"[151.50561277941173, -27.84184414705883]",14.511,0.103,66,2,266.131,37.695,False,-0.76334,14:44:00,,,NaN,NaN,NaN,NaN,NaN,NaN,NaN
"[151.52993027450978, -27.841619921568633]",13.765,0.086,46,5,200.664,58.38,False,-0.69594,14:46:00,,,NaN,NaN,NaN,NaN,NaN,NaN,NaN
"[151.53752159016392, -27.904517754098364]",14.287,0.095,59,2,288.121,78.527,False,0.48207,14:48:00,,,NaN,NaN,NaN,NaN,NaN,NaN,NaN
"[151.47219335714286, -27.932779952380955]",11.566,0.1,39,3,160.626,81.025,False,-1.04386,14:50:00,,,NaN,NaN,NaN,NaN,NaN,NaN,NaN
"[151.52872556, -27.944363439999997]",10.973,0.066,24,1,150.266,10.519,False,-0.93398,14:52:00,,,NaN,NaN,NaN,NaN,NaN,NaN,NaN
"[152.12704277083333, -27.611429916666665]",15.774,0.061,37,11,204.724,316.856,False,1.61151,14:54:00,,,NaN,NaN,NaN,NaN,NaN,NaN,NaN
"[152.2182481111111, -27.54415366666667]",2.291,1.637,26,1,116.049,6.895,False,-1.0888,14:56:00,,,NaN,NaN,NaN,NaN,NaN,NaN,NaN
"[152.26253934375, -27.542102374999992]",2.852,1.252,32,0,191.511,0.0,False,0.24963,14:58:00,,,NaN,NaN,NaN,NaN,NaN,NaN,NaN
"[151.55363508333332, -27.952237361111106]",11.16,0.092,35,1,144.555,4.258,False,0.20818,15:00:00,,,NaN,NaN,NaN,NaN,NaN,NaN,NaN
"[151.59606317741935, -27.966938370967732]",13.638,0.106,59,3,262.733,75.467,False,1.44623,15:02:00,,,NaN,NaN,NaN,NaN,NaN,NaN,NaN
"[151.60261915294114, -28.02229508235295]",9.94,0.274,85,0,309.098,0.0,False,1.22365,15:04:00,,,NaN,NaN,NaN,NaN,NaN,NaN,NaN
"[151.658325, -28.036686048387093]",10.929,0.165,59,3,218.028,34.223,False,-1.22365,15:06:00,,,NaN,NaN,NaN,NaN,NaN,NaN,NaN
"[151.6487164754098, -28.0423872295082]",10.435,0.178,60,1,239.501,57.84,False,-0.05113,15:08:00,,,NaN,NaN,NaN,NaN,NaN,NaN,NaN
"[151.66523168235295, -28.062656999999998]",9.226,0.318,84,1,367.54,25.938,False,1.2065,15:10:00,,,NaN,NaN,NaN,NaN,NaN,NaN,NaN
"[151.71990909090908, -28.085969727272722]",10.256,0.166,55,0,258.522,0.0,False,-1.40227,15:12:00,,,NaN,NaN,NaN,NaN,NaN,NaN,NaN
"[151.71008260975614, -28.079372682926827]",11.806,0.094,41,0,154.685,0.0,False,-0.5572,15:14:00,,,NaN,NaN,NaN,NaN,NaN,NaN,NaN
"[151.7554958596491, -28.10501212280702]",11.599,0.135,56,1,264.841,56.777,False,0.75117,15:16:00,,,NaN,NaN,NaN,NaN,NaN,NaN,NaN
"[151.75893880952384, -28.13899876190476]",11.996,0.046,20,1,70.791,14.235,False,-1.64146,15:18:00,,,NaN,NaN,NaN,NaN,NaN,NaN,NaN
"[152.45461083050856, -27.591709508474565]",5.671,0.584,58,1,284.527,30.257,False,1.41031,15:20:00,,,NaN,NaN,NaN,NaN,NaN,NaN,NaN
"[152.48247625454545, -27.599858436363633]",4.44,0.888,52,3,235.334,67.052,False,-0.12718,15:22:00,,,NaN,NaN,NaN,NaN,NaN,NaN,NaN
"[152.50630456862746, -27.623930901960783]",3.902,1.066,51,0,260.788,0.0,False,-0.14124,15:24:00,,,NaN,NaN,NaN,NaN,NaN,NaN,NaN
"[152.52181759459464, -27.62462656756756]",4.23,1.316,74,0,367.907,0.0,False,0.83872,15:26:00,,,NaN,NaN,NaN,NaN,NaN,NaN,NaN
"[152.53982279411767, -27.635167470588243]",4.428,1.104,60,8,329.063,145.011,False,-0.21071,15:28:00,,,NaN,NaN,NaN,NaN,NaN,NaN,NaN
"[152.55638560714283, -27.626104952380963]",4.072,1.613,84,0,378.26,0.0,False,0.8002,15:30:00,,,NaN,NaN,NaN,NaN,NaN,NaN,NaN
"[152.57911919512202, -27.62992396341463]",4.664,1.2,80,2,341.837,11.837,False,-0.14825,15:32:00,,,NaN,NaN,NaN,NaN,NaN,NaN,NaN
"[152.59736676470584, -27.634674264705875]",3.903,1.421,64,4,276.721,55.071,False,-1.06195,15:34:00,,,NaN,NaN,NaN,NaN,NaN,NaN,NaN
"[152.60404614285716, -27.647281303571436]",4.353,0.941,56,0,289.372,0.0,False,-0.77331,15:36:00,,,NaN,NaN,NaN,NaN,NaN,NaN,NaN
"[152.63443181707314, -27.662461073170718]",5.436,0.883,80,2,380.591,36.621,Jump_5,2.17575,15:38:00,50,"[152.539, -27.608]","[20.9375, 49.5, 23.3125, 26.9375, 26.3125]","[18.5, 38.45, 21.0812, 24.1375, 23.5562]","['15:41:00', '15:51:00', '16:01:00', '16:11:00', '16:21:00']","[[-27.661865, 152.68115], [-27.68872, 152.77258], [-27.715515, 152.86407], [-27.74231, 152.94543], [-27.778015, 153.02692]]",10886,103,0.1202
"[152.6660432769231, -27.68385438461538]",6.008,0.573,61,4,299.943,59.697,Jump_5,-0.96678,15:40:00,Same_Jump,Same_Jump,NaN,NaN,NaN,NaN,NaN,NaN,NaN
"[152.69446010344822, -27.693886068965508]",5.611,0.879,82,5,434.949,114.364,Jump_5,1.25113,15:42:00,Same_Jump,Same_Jump,NaN,NaN,NaN,NaN,NaN,NaN,NaN
"[152.7067774666667, -27.697412766666677]",4.688,0.869,57,3,338.553,22.309,Jump_5,-1.27849,15:44:00,Same_Jump,Same_Jump,NaN,NaN,NaN,NaN,NaN,NaN,NaN
"[152.732164367347, -27.678145938775497]",4.688,0.71,49,0,209.837,0.0,False,-0.45782,15:46:00,,,NaN,NaN,NaN,NaN,NaN,NaN,NaN
"[152.74587959016398, -27.719827819672133]",4.042,1.188,57,4,299.078,133.359,False,0.50161,15:48:00,,,NaN,NaN,NaN,NaN,NaN,NaN,NaN
"[152.77651333999998, -27.729897579999996]",4.609,0.749,49,1,270.195,25.519,False,-0.53694,15:50:00,,,NaN,NaN,NaN,NaN,NaN,NaN,NaN
"[152.78561482758622, -27.737870517241387]",5.097,0.711,58,0,253.547,0.0,False,0.40588,15:52:00,,,NaN,NaN,NaN,NaN,NaN,NaN,NaN
"[152.7945832765958, -27.732180489361703]",4.408,0.77,47,0,220.206,0.0,False,-0.69197,15:54:00,,,NaN,NaN,NaN,NaN,NaN,NaN,NaN
"[152.82541633333338, -27.72564527272727]",6.365,0.259,29,4,161.003,228.257,False,-1.20806,15:56:00,,,NaN,NaN,NaN,NaN,NaN,NaN,NaN
"[152.85473125, -27.739645111111113]",7.399,0.209,36,0,193.455,0.0,False,0.24602,15:58:00,,,NaN,NaN,NaN,NaN,NaN,NaN,NaN
"[152.88745467647058, -27.745697029411772]",9.093,0.131,34,0,177.491,0.0,False,-0.20359,16:00:00,,,NaN,NaN,NaN,NaN,NaN,NaN,NaN
"[152.90451710000002, -27.749082774999998]",8.416,0.18,40,0,185.948,0.0,False,0.64813,16:02:00,,,NaN,NaN,NaN,NaN,NaN,NaN,NaN
"[153.1464691010101, -27.953037151515154]",35.345,0.025,93,6,476.787,175.451,Jump_6,6.79915,16:04:00,66,"[153.24, -27.7178]","[11.4375, 17.9375, 21.3125, 18.4375, 25.3125, 33.3125, 'NaN', 19.125, 13.9375, 10.5]","[11.4375, 16.8375, 19.2625, 15.9375, 21.6875, 25.6875, 'NaN', 18.9688, 13.6625, 10.4938]","['16:05:00', '16:10:00', '16:15:00', '16:20:00', '16:25:00', '16:30:00', '16:35:00', '16:40:00', '16:45:00', '16:50:00']","[[-27.717346, 152.87427], [-27.735413, 152.91486], [-27.744507, 152.96564], [-27.762573, 153.00623], [-28.40979, 153.61829], [-28.445679, 153.63885], 'NaN', [-28.023315, 153.51508], [-28.050232, 153.54572], [-28.077148, 153.57635]]",10910,74,0.1204
"[152.93323103225805, -27.753139258064515]",8.168,0.148,31,0,151.871,0.0,Jump_6,-2.40974,16:06:00,Same_Jump,Same_Jump,NaN,NaN,NaN,NaN,NaN,NaN,NaN
"[153.47146640697673, -28.16595691860465]",8.61,0.369,77,9,420.442,148.122,Jump_6,1.21823,16:08:00,Same_Jump,Same_Jump,NaN,NaN,NaN,NaN,NaN,NaN,NaN
"[153.46382072222218, -28.163268155555553]",10.047,0.284,87,3,544.947,96.836,Jump_6,0.07745,16:10:00,Same_Jump,Same_Jump,NaN,NaN,NaN,NaN,NaN,NaN,NaN
"[153.49037761224488, -28.172311857142862]",7.981,0.245,35,14,273.77,380.159,False,-0.79816,16:12:00,,,NaN,NaN,NaN,NaN,NaN,NaN,NaN
"[153.52311730136984, -28.223868369863016]",7.47,0.416,61,12,312.814,348.521,False,0.42409,16:14:00,,,NaN,NaN,NaN,NaN,NaN,NaN,NaN
"[153.56291393939395, -28.241767090909093]",9.964,0.106,32,1,233.597,43.757,False,-0.80867,16:16:00,,,NaN,NaN,NaN,NaN,NaN,NaN,NaN
"[153.56250250000002, -28.24108794444445]",7.685,0.194,33,3,264.551,73.248,False,0.07225,16:18:00,,,NaN,NaN,NaN,NaN,NaN,NaN,NaN
"[153.57024705882355, -28.261713970588236]",9.166,0.129,27,7,224.123,332.04,False,-0.06878,16:20:00,,,NaN,NaN,NaN,NaN,NaN,NaN,NaN
"[153.5989577297297, -28.2888034864865]",8.157,0.177,35,2,259.059,18.757,False,0.10536,16:22:00,,,NaN,NaN,NaN,NaN,NaN,NaN,NaN
"[153.6163508, -28.32880652727272]",9.582,0.191,51,4,294.731,218.309,False,0.77295,16:24:00,,,NaN,NaN,NaN,NaN,NaN,NaN,NaN
"[153.65157685245904, -28.360143770491806]",10.335,0.182,58,3,341.047,26.08,False,0.27667,16:26:00,,,NaN,NaN,NaN,NaN,NaN,NaN,NaN
"[153.63861888235297, -28.351226882352947]",11.68,0.159,65,3,408.745,72.644,False,0.93292,16:28:00,,,NaN,NaN,NaN,NaN,NaN,NaN,NaN
"[153.63166267741943, -28.337845435483857]",14.509,0.094,55,7,385.8,282.461,False,-0.81424,16:30:00,,,NaN,NaN,NaN,NaN,NaN,NaN,NaN
"[153.59063136764703, -28.291062294117648]",27.703,0.028,57,11,325.077,246.87,False,0.69608,16:32:00,,,NaN,NaN,NaN,NaN,NaN,NaN,NaN
"[153.68102991139241, -28.43640026582278]",9.496,0.279,74,5,407.245,132.833,False,1.29457,16:34:00,,,NaN,NaN,NaN,NaN,NaN,NaN,NaN
"[153.68153642253523, -28.404942971830987]",16.412,0.084,70,1,434.065,7.105,False,-1.25399,16:36:00,,,NaN,NaN,NaN,NaN,NaN,NaN,NaN
"[153.63629685849054, -28.33111350943397]",29.902,0.038,102,4,605.263,99.762,Jump_7,4.13919,16:38:00,No_Radar,No_Radar,NaN,NaN,NaN,NaN,NaN,NaN,NaN
"[153.73389051923075, -28.517438096153857]",5.189,0.615,50,2,279.975,10.555,Jump_7,-3.12656,16:40:00,No_Radar,No_Radar,NaN,NaN,NaN,NaN,NaN,NaN,NaN
"[153.64813513559324, -28.330960254237283]",29.714,0.021,59,0,389.284,0.0,Jump_7,0.21246,16:42:00,No_Radar,No_Radar,NaN,NaN,NaN,NaN,NaN,NaN,NaN
"[153.67464025000004, -28.279785315789468]",30.123,0.027,71,5,397.105,149.505,Jump_7,0.51499,16:44:00,No_Radar,No_Radar,NaN,NaN,NaN,NaN,NaN,NaN,NaN
"[153.6825629743589, -28.28209596153847]",28.903,0.03,71,7,456.846,211.663,False,0.05936,16:46:00,,,NaN,NaN,NaN,NaN,NaN,NaN,NaN
"[153.6305032142857, -28.068476499999992]",9.757,0.14,38,4,297.85,58.683,False,-1.07652,16:48:00,,,NaN,NaN,NaN,NaN,NaN,NaN,NaN
"[153.71889017333334, -28.244184213333337]",22.58,0.047,66,9,423.97,208.51,False,1.07997,16:50:00,,,NaN,NaN,NaN,NaN,NaN,NaN,NaN
"[153.6995923225806, -28.10513525806452]",6.825,0.212,27,4,142.358,96.063,False,-1.71883,16:52:00,,,NaN,NaN,NaN,NaN,NaN,NaN,NaN
"[153.684123, -28.110174727272724]",11.985,0.049,19,3,124.353,79.322,False,-0.26961,16:54:00,,,NaN,NaN,NaN,NaN,NaN,NaN,NaN
"[153.69491624, -28.124697520000005]",7.803,0.131,22,3,158.275,79.887,False,0.09704,16:56:00,,,NaN,NaN,NaN,NaN,NaN,NaN,NaN
"[153.69252228571432, -28.13623476190477]",9.053,0.082,18,3,126.401,78.96,False,-0.12895,16:58:00,,,NaN,NaN,NaN,NaN,NaN,NaN,NaN
,0.0,0.0,0,0,0.0,0.0,,,17:00:00,,,NaN,NaN,NaN,NaN,NaN,NaN,NaN
,0.0,0.0,0,0,0.0,0.0,,,17:02:00,,,NaN,NaN,NaN,NaN,NaN,NaN,NaN
,0.0,0.0,0,0,0.0,0.0,,,17:04:00,,,NaN,NaN,NaN,NaN,NaN,NaN,NaN
,0.0,0.0,0,0,0.0,0.0,,,17:06:00,,,NaN,NaN,NaN,NaN,NaN,NaN,NaN
,0.0,0.0,0,0,0.0,0.0,,,17:08:00,,,NaN,NaN,NaN,NaN,NaN,NaN,NaN
,0.0,0.0,0,0,0.0,0.0,,,17:10:00,,,NaN,NaN,NaN,NaN,NaN,NaN,NaN
,0.0,0.0,0,0,0.0,0.0,,,17:12:00,,,NaN,NaN,NaN,NaN,NaN,NaN,NaN
,0.0,0.0,0,0,0.0,0.0,,,17:14:00,,,NaN,NaN,NaN,NaN,NaN,NaN,NaN
,0.0,0.0,0,0,0.0,0.0,,,17:16:00,,,NaN,NaN,NaN,NaN,NaN,NaN,NaN
,0.0,0.0,0,0,0.0,0.0,,,17:18:00,,,NaN,NaN,NaN,NaN,NaN,NaN,NaN
,0.0,0.0,0,0,0.0,0.0,,,17:20:00,,,NaN,NaN,NaN,NaN,NaN,NaN,NaN
,0.0,0.0,0,0,0.0,0.0,,,17:22:00,,,NaN,NaN,NaN,NaN,NaN,NaN,NaN
"[153.85629208695656, -28.216969565217383]",8.603,0.099,19,4,157.57,126.293,,,17:24:00,,,NaN,NaN,NaN,NaN,NaN,NaN,NaN
"[153.85594638461538, -28.236311923076922]",8.171,0.124,24,2,145.959,44.253,False,0.29166,17:26:00,,,NaN,NaN,NaN,NaN,NaN,NaN,NaN
"[153.87067387096778, -28.24619132258065]",7.69,0.167,26,5,167.642,101.077,False,0.49826,17:28:00,,,NaN,NaN,NaN,NaN,NaN,NaN,NaN
"[153.9098713030303, -28.242089878787883]",8.463,0.147,31,2,211.534,65.489,False,0.20773,17:30:00,,,NaN,NaN,NaN,NaN,NaN,NaN,NaN
"[153.93013526923076, -28.257435192307693]",5.167,0.31,24,2,159.399,51.13,False,-0.74919,17:32:00,,,NaN,NaN,NaN,NaN,NaN,NaN,NaN
"[153.95986443999996, -28.2644188]",4.93,0.655,39,11,244.239,452.107,Jump_8,2.18907,17:34:00,No_Radar,No_Radar,NaN,NaN,NaN,NaN,NaN,NaN,NaN
"[153.95801236170215, -28.273432595744676]",4.324,0.8,33,14,191.749,236.559,Jump_8,-0.26383,17:36:00,No_Radar,No_Radar,NaN,NaN,NaN,NaN,NaN,NaN,NaN
"[153.9775940263158, -28.281108263157893]",4.272,0.663,30,8,208.897,252.964,Jump_8,-0.75078,17:38:00,No_Radar,No_Radar,NaN,NaN,NaN,NaN,NaN,NaN,NaN
"[153.991450124031, -28.293362038759682]",4.766,1.808,110,19,711.654,345.581,Jump_8,6.83419,17:40:00,No_Radar,No_Radar,NaN,NaN,NaN,NaN,NaN,NaN,NaN
"[153.993649426087, -28.305430713043485]",4.915,1.515,96,19,639.027,493.112,Jump_8,-0.33107,17:42:00,No_Radar,No_Radar,NaN,NaN,NaN,NaN,NaN,NaN,NaN
"[154.01238065000007, -28.305082878571415]",7.067,0.892,123,17,715.914,458.41,Jump_8,0.5751,17:44:00,No_Radar,No_Radar,NaN,NaN,NaN,NaN,NaN,NaN,NaN
"[154.01771432919256, -28.32183629813665]",7.352,0.948,133,28,916.427,605.183,Jump_8,0.48266,17:46:00,No_Radar,No_Radar,NaN,NaN,NaN,NaN,NaN,NaN,NaN
"[154.00474667484661, -28.33151604294479]",8.16,0.779,138,25,861.541,536.492,False,0.04772,17:48:00,,,NaN,NaN,NaN,NaN,NaN,NaN,NaN
"[153.98781294615387, -28.345291000000017]",8.413,0.585,112,18,649.71,402.023,False,-0.82359,17:50:00,,,NaN,NaN,NaN,NaN,NaN,NaN,NaN
"[153.99930936792455, -28.36043963207547]",8.631,0.453,102,4,729.019,48.885,False,-0.98915,17:52:00,,,NaN,NaN,NaN,NaN,NaN,NaN,NaN
"[154.004931282258, -28.356162314516137]",9.041,0.483,101,23,747.815,443.255,False,0.69042,17:54:00,,,NaN,NaN,NaN,NaN,NaN,NaN,NaN
"[154.02405677692306, -28.377965415384615]",6.819,0.89,115,15,803.874,380.512,False,0.24583,17:56:00,,,NaN,NaN,NaN,NaN,NaN,NaN,NaN
"[154.0377816638656, -28.387087722689085]",6.387,0.929,113,6,785.136,98.925,False,-0.51332,17:58:00,,,NaN,NaN,NaN,NaN,NaN,NaN,NaN
"[154.04718690789477, -28.39179439473683]",5.727,1.475,141,11,948.027,241.811,False,1.57375,18:00:00,,,NaN,NaN,NaN,NaN,NaN,NaN,NaN
"[154.08220515789478, -28.39638128070175]",7.102,0.719,106,8,625.679,170.284,False,-1.67889,18:02:00,,,NaN,NaN,NaN,NaN,NaN,NaN,NaN
"[154.07782098095242, -28.395106476190488]",6.787,0.725,96,9,627.399,362.967,False,-0.32857,18:04:00,,,NaN,NaN,NaN,NaN,NaN,NaN,NaN
"[154.09301718400002, -28.410120495999983]",6.998,0.813,124,1,733.984,5.71,False,0.76997,18:06:00,,,NaN,NaN,NaN,NaN,NaN,NaN,NaN
"[154.09852233684217, -28.420525442105266]",7.64,0.518,94,1,548.839,3.611,False,-1.07246,18:08:00,,,NaN,NaN,NaN,NaN,NaN,NaN,NaN
"[154.12785236633658, -28.416429217821786]",8.845,0.411,95,6,670.646,147.672,False,0.1947,18:10:00,,,NaN,NaN,NaN,NaN,NaN,NaN,NaN
"[154.1293108247422, -28.42897160824742]",7.231,0.59,92,5,642.475,101.373,False,-0.16535,18:12:00,,,NaN,NaN,NaN,NaN,NaN,NaN,NaN
"[154.12018752427184, -28.438409174757286]",5.893,0.944,89,14,590.065,238.717,False,0.32359,18:14:00,,,NaN,NaN,NaN,NaN,NaN,NaN,NaN
"[154.1249512613636, -28.441144113636366]",5.154,1.054,86,2,578.96,49.412,False,-0.80547,18:16:00,,,NaN,NaN,NaN,NaN,NaN,NaN,NaN
"[154.13546372058823, -28.44587788235294]",5.282,0.776,56,12,328.663,393.657,False,-1.30521,18:18:00,,,NaN,NaN,NaN,NaN,NaN,NaN,NaN
"[154.15631152941174, -28.437960549019607]",6.66,0.366,43,8,267.098,258.197,False,-1.42761,18:20:00,,,NaN,NaN,NaN,NaN,NaN,NaN,NaN
"[154.1853628611111, -28.46252619444444]",8.436,0.161,35,1,190.94,21.572,False,-1.38972,18:22:00,,,NaN,NaN,NaN,NaN,NaN,NaN,NaN
"[154.2213218545455, -28.473097472727282]",10.835,0.149,45,10,290.039,325.808,False,1.83082,18:24:00,,,NaN,NaN,NaN,NaN,NaN,NaN,NaN
"[154.1905343809524, -28.46250114285714]",7.156,0.131,21,0,164.115,0.0,False,-2.1094,18:26:00,,,NaN,NaN,NaN,NaN,NaN,NaN,NaN
"[154.2367997, -28.468543433333334]",12.005,0.066,26,4,199.783,79.478,False,0.4597,18:28:00,,,NaN,NaN,NaN,NaN,NaN,NaN,NaN
"[152.86262423529413, -28.082989470588245]",4.622,0.76,46,5,287.502,122.605,False,0.98363,18:30:00,,,NaN,NaN,NaN,NaN,NaN,NaN,NaN
"[152.86674953521126, -28.07836363380282]",4.04,1.385,59,12,324.527,235.432,False,0.84066,18:32:00,,,NaN,NaN,NaN,NaN,NaN,NaN,NaN
"[152.88832513461546, -28.08676115384615]",4.092,0.988,47,5,302.452,73.28,False,-0.81127,18:34:00,,,NaN,NaN,NaN,NaN,NaN,NaN,NaN
"[152.92006919298245, -28.09485196491227]",4.262,0.999,56,1,346.156,38.513,False,0.20256,18:36:00,,,NaN,NaN,NaN,NaN,NaN,NaN,NaN
"[152.94498960416666, -28.1109463125]",3.675,1.131,48,0,268.968,0.0,False,-0.55581,18:38:00,,,NaN,NaN,NaN,NaN,NaN,NaN,NaN
"[152.96191863333337, -28.106755599999996]",3.724,0.688,28,2,216.747,44.285,False,-1.02101,18:40:00,,,NaN,NaN,NaN,NaN,NaN,NaN,NaN
"[152.96216212820514, -28.13443279487179]",5.586,0.398,39,0,214.392,0.0,False,0.54203,18:42:00,,,NaN,NaN,NaN,NaN,NaN,NaN,NaN
"[152.32859374752468, -28.161897982673274]",38.531,0.087,355,49,2175.39,818.305,Jump_9,28.26148,18:44:00,No_Radar,No_Radar,NaN,NaN,NaN,NaN,NaN,NaN,NaN
"[152.37427073509932, -28.15417693818987]",40.226,0.089,384,69,2465.053,1465.313,Jump_9,0.29689,18:46:00,No_Radar,No_Radar,NaN,NaN,NaN,NaN,NaN,NaN,NaN
"[152.2935959151786, -28.24546807589285]",40.524,0.087,392,56,2428.547,1038.97,Jump_9,-0.0309,18:48:00,No_Radar,No_Radar,NaN,NaN,NaN,NaN,NaN,NaN,NaN
"[152.3952468104738, -28.145337394014994]",40.492,0.078,335,66,2140.57,1369.467,Jump_9,-0.2914,18:50:00,No_Radar,No_Radar,NaN,NaN,NaN,NaN,NaN,NaN,NaN
"[152.40241860845072, -28.239195605633775]",37.959,0.078,308,47,1709.455,849.868,False,-0.27687,18:52:00,,,NaN,NaN,NaN,NaN,NaN,NaN,NaN
"[152.43408914000003, -28.25624828285715]",40.226,0.069,294,56,1708.519,1242.29,False,-0.02887,18:54:00,,,NaN,NaN,NaN,NaN,NaN,NaN,NaN
"[152.48286199233718, -28.26238404597702]",41.323,0.049,223,38,1352.924,801.804,False,-2.26192,18:56:00,,,NaN,NaN,NaN,NaN,NaN,NaN,NaN
"[152.50640279180894, -28.24273704436858]",43.382,0.05,266,27,1499.692,591.931,False,0.91213,18:58:00,,,NaN,NaN,NaN,NaN,NaN,NaN,NaN
"[152.51949072340432, -28.262005896656547]",42.746,0.057,273,56,1706.18,1181.734,False,0.78141,19:00:00,,,NaN,NaN,NaN,NaN,NaN,NaN,NaN
"[152.57899901612905, -28.259814845161284]",43.51,0.052,268,42,1535.094,1000.0,False,-0.35676,19:02:00,,,NaN,NaN,NaN,NaN,NaN,NaN,NaN
"[152.63757041717784, -28.235879122699387]",41.817,0.059,284,42,1741.079,927.468,False,0.31651,19:04:00,,,NaN,NaN,NaN,NaN,NaN,NaN,NaN
"[152.66405594545444, -28.20409620727272]",42.762,0.048,247,28,1526.705,617.123,False,-0.9841,19:06:00,,,NaN,NaN,NaN,NaN,NaN,NaN,NaN
"[152.72525972012568, -28.193894874213836]",42.664,0.056,264,54,1666.229,1338.002,False,1.15975,19:08:00,,,NaN,NaN,NaN,NaN,NaN,NaN,NaN
"[152.7429172169491, -28.155179522033915]",42.662,0.052,248,47,1434.322,1315.329,False,-0.58242,19:10:00,,,NaN,NaN,NaN,NaN,NaN,NaN,NaN
"[152.93353487573967, -28.024472508875757]",18.971,0.149,143,26,949.496,515.064,False,-3.44052,19:12:00,,,NaN,NaN,NaN,NaN,NaN,NaN,NaN
"[152.96739215642447, -28.011863988826814]",19.557,0.149,153,26,845.224,428.309,False,0.15279,19:14:00,,,NaN,NaN,NaN,NaN,NaN,NaN,NaN
"[152.9931059009434, -28.026964905660385]",19.956,0.169,168,44,886.131,794.673,False,0.51175,19:16:00,,,NaN,NaN,NaN,NaN,NaN,NaN,NaN
"[152.70224900232014, -28.412036856148497]",63.95,0.034,339,92,1926.218,1920.74,Jump_10,3.20733,19:18:00,No_Radar,No_Radar,NaN,NaN,NaN,NaN,NaN,NaN,NaN
"[152.4893964888889, -28.726698999999996]",13.348,0.08,36,9,222.691,283.595,Jump_10,-3.07569,19:20:00,No_Radar,No_Radar,NaN,NaN,NaN,NaN,NaN,NaN,NaN
"[152.17313363846154, -28.97870903076923]",36.802,0.031,111,19,678.746,412.356,Jump_10,0.37869,19:22:00,No_Radar,No_Radar,NaN,NaN,NaN,NaN,NaN,NaN,NaN
"[151.97498292405066, -29.106925481012656]",15.637,0.103,68,11,480.787,321.382,Jump_10,-0.22524,19:24:00,No_Radar,No_Radar,NaN,NaN,NaN,NaN,NaN,NaN,NaN
"[152.00984942553188, -29.13706021276595]",16.058,0.058,47,0,279.847,0.0,False,-0.14105,19:26:00,,,NaN,NaN,NaN,NaN,NaN,NaN,NaN
"[152.0560613030303, -29.198284060606056]",13.582,0.057,32,1,249.255,32.365,False,-0.06224,19:28:00,,,NaN,NaN,NaN,NaN,NaN,NaN,NaN
"[152.05972942499997, -29.192061225000003]",12.261,0.085,35,5,206.655,81.418,False,0.03908,19:30:00,,,NaN,NaN,NaN,NaN,NaN,NaN,NaN
"[152.0854943333333, -29.164565156862746]",9.89,0.166,45,6,295.101,97.917,False,0.20891,19:32:00,,,NaN,NaN,NaN,NaN,NaN,NaN,NaN
"[152.08012475675676, -29.17462735135135]",10.244,0.112,37,0,241.045,0.0,False,-0.53464,19:34:00,,,NaN,NaN,NaN,NaN,NaN,NaN,NaN
"[152.0939150303031, -29.163844939393933]",9.428,0.118,29,4,198.696,59.194,False,-0.22781,19:36:00,,,NaN,NaN,NaN,NaN,NaN,NaN,NaN
"[152.16888571428566, -29.259332095238094]",12.34,0.044,19,2,92.217,22.258,False,-1.03395,19:38:00,,,NaN,NaN,NaN,NaN,NaN,NaN,NaN
"[152.15874636, -29.21893576]",8.586,0.108,24,1,168.341,4.212,False,0.35878,19:40:00,,,NaN,NaN,NaN,NaN,NaN,NaN,NaN
"[152.19089284313722, -29.281177352941185]",11.491,0.123,40,11,227.862,224.295,Jump_11,2.45677,19:42:00,No_Radar,No_Radar,NaN,NaN,NaN,NaN,NaN,NaN,NaN
"[152.21131566666668, -29.259026904761896]",8.5,0.185,41,1,184.765,13.392,Jump_11,-0.55602,19:44:00,No_Radar,No_Radar,NaN,NaN,NaN,NaN,NaN,NaN,NaN
"[152.24750727272726, -29.323803772727274]",11.52,0.106,40,4,225.317,116.126,Jump_11,0.13131,19:46:00,No_Radar,No_Radar,NaN,NaN,NaN,NaN,NaN,NaN,NaN
"[152.2684396086957, -29.321707057971004]",10.117,0.215,63,6,324.496,77.237,Jump_11,1.66964,19:48:00,No_Radar,No_Radar,NaN,NaN,NaN,NaN,NaN,NaN,NaN
"[152.29023280722888, -29.318009734939764]",10.772,0.228,71,12,413.253,253.384,False,0.91268,19:50:00,,,NaN,NaN,NaN,NaN,NaN,NaN,NaN
"[152.29922207608698, -29.320953826086956]",11.217,0.233,84,8,457.656,120.637,False,0.59696,19:52:00,,,NaN,NaN,NaN,NaN,NaN,NaN,NaN
"[152.32767046052624, -29.341943210526306]",11.715,0.176,75,1,392.846,14.962,False,-1.25437,19:54:00,,,NaN,NaN,NaN,NaN,NaN,NaN,NaN
"[152.40002422105266, -29.368082305263158]",15.19,0.131,91,4,505.166,80.96,False,1.24553,19:56:00,,,NaN,NaN,NaN,NaN,NaN,NaN,NaN
"[152.387750038961, -29.398183870129866]",11.362,0.19,76,1,384.835,11.597,False,-1.1391,19:58:00,,,NaN,NaN,NaN,NaN,NaN,NaN,NaN
"[152.42991363888888, -29.41322180555556]",12.447,0.148,64,8,360.041,96.445,False,-0.28805,20:00:00,,,NaN,NaN,NaN,NaN,NaN,NaN,NaN
"[152.45755133823525, -29.44644491176471]",11.914,0.152,67,1,339.397,12.042,False,-0.25015,20:02:00,,,NaN,NaN,NaN,NaN,NaN,NaN,NaN
"[152.59250507692306, -29.479246307692303]",22.018,0.051,68,10,432.705,129.026,False,0.67931,20:04:00,,,NaN,NaN,NaN,NaN,NaN,NaN,NaN
"[152.61017635064945, -29.498482688311682]",24.982,0.039,68,9,400.33,171.229,False,-0.06962,20:06:00,,,NaN,NaN,NaN,NaN,NaN,NaN,NaN
"[152.6608745116279, -29.52209940697674]",25.365,0.043,76,10,512.31,181.753,False,0.89865,20:08:00,,,NaN,NaN,NaN,NaN,NaN,NaN,NaN
"[152.64881812499996, -29.558872590909086]",23.23,0.052,79,9,422.045,106.548,False,0.27815,20:10:00,,,NaN,NaN,NaN,NaN,NaN,NaN,NaN
"[152.67751627868853, -29.591538147540984]",24.578,0.032,44,17,277.126,225.966,False,-4.39737,20:12:00,,,NaN,NaN,NaN,NaN,NaN,NaN,NaN
"[152.6469180888889, -29.57589048888888]",19.561,0.075,68,22,409.636,405.817,False,1.92777,20:14:00,,,NaN,NaN,NaN,NaN,NaN,NaN,NaN
"[152.67444683333332, -29.64692804761905]",22.362,0.027,36,6,218.339,56.045,False,-2.37986,20:16:00,,,NaN,NaN,NaN,NaN,NaN,NaN,NaN
"[152.6843495777778, -29.651732288888883]",21.166,0.032,38,7,204.724,84.088,False,0.09845,20:18:00,,,NaN,NaN,NaN,NaN,NaN,NaN,NaN
"[152.76361170588237, -29.718357372549026]",21.842,0.034,37,14,234.26,182.15,False,0.20138,20:20:00,,,NaN,NaN,NaN,NaN,NaN,NaN,NaN
"[152.7593926222222, -29.728718]",21.097,0.032,36,9,212.98,99.425,False,-0.19876,20:22:00,,,NaN,NaN,NaN,NaN,NaN,NaN,NaN
"[152.75919969696972, -29.699267303030304]",23.753,0.019,27,6,153.068,125.002,False,-0.42594,20:24:00,,,NaN,NaN,NaN,NaN,NaN,NaN,NaN
"[152.8092333589744, -29.71735323076924]",24.023,0.022,26,13,145.118,145.315,False,0.27682,20:26:00,,,NaN,NaN,NaN,NaN,NaN,NaN,NaN
"[152.92433052830188, -29.82609418867925]",19.299,0.045,34,19,209.074,202.238,False,1.73916,20:28:00,,,NaN,NaN,NaN,NaN,NaN,NaN,NaN
"[152.98178591891897, -29.82476354054055]",20.22,0.029,34,3,211.358,44.188,False,-1.53393,20:30:00,,,NaN,NaN,NaN,NaN,NaN,NaN,NaN
"[152.96359326315792, -29.818436578947363]",23.453,0.022,24,14,152.387,162.722,False,0.07976,20:32:00,,,NaN,NaN,NaN,NaN,NaN,NaN,NaN
"[153.00351624137932, -29.89433679310344]",17.338,0.031,16,13,113.89,124.221,False,-0.72104,20:34:00,,,NaN,NaN,NaN,NaN,NaN,NaN,NaN
"[152.93013364, -29.91856600000001]",15.983,0.031,18,7,99.249,58.695,False,-0.33603,20:36:00,,,NaN,NaN,NaN,NaN,NaN,NaN,NaN
"[152.95288619230766, -29.902405192307683]",14.453,0.04,22,4,141.188,34.34,False,0.08849,20:38:00,,,NaN,NaN,NaN,NaN,NaN,NaN,NaN
"[153.01578912000002, -29.936798120000002]",15.958,0.031,20,5,122.173,105.152,False,-0.13828,20:40:00,,,NaN,NaN,NaN,NaN,NaN,NaN,NaN
"[153.046738825, -29.96060105]",16.094,0.049,31,9,190.997,146.056,Jump_12,3.55534,20:42:00,28,"[152.951, -29.622]","['NaN', 'NaN', 'NaN', 'NaN', 'NaN']","['NaN', 'NaN', 'NaN', 'NaN', 'NaN']","['20:51:00', '21:01:00', '21:11:00', '21:21:00', '21:31:00']","['NaN', 'NaN', 'NaN', 'NaN', 'NaN']",10696,71,0.1181
"[153.03065386666665, -29.91905893333332]",16.525,0.052,29,16,170.37,241.57,Jump_12,0.55624,20:44:00,Same_Jump,Same_Jump,NaN,NaN,NaN,NaN,NaN,NaN,NaN
"[153.07920287179485, -29.985229179487185]",17.914,0.039,26,13,193.651,160.891,Jump_12,-0.81499,20:46:00,Same_Jump,Same_Jump,NaN,NaN,NaN,NaN,NaN,NaN,NaN
"[153.09648928947368, -30.00530794736842]",16.657,0.044,26,12,138.868,187.08,Jump_12,-0.1268,20:48:00,Same_Jump,Same_Jump,NaN,NaN,NaN,NaN,NaN,NaN,NaN
"[153.12545331249999, -30.0509941875]",13.92,0.053,19,13,117.852,177.941,False,-0.74536,20:50:00,,,NaN,NaN,NaN,NaN,NaN,NaN,NaN
"[153.14680130188682, -30.085561471698117]",12.645,0.106,32,21,198.395,190.016,Jump_13,2.37322,20:52:00,28,"[152.951, -29.622]","['NaN', 'NaN', 'NaN', 'NaN', 'NaN']","['NaN', 'NaN', 'NaN', 'NaN', 'NaN']","['21:01:00', '21:11:00', '21:21:00', '21:31:00', '21:41:00']","['NaN', 'NaN', 'NaN', 'NaN', 'NaN']",10767,0,0.1188
"[153.13609165853663, -30.07958995121951]",12.404,0.085,22,19,134.235,156.928,Jump_13,-1.06777,20:54:00,Same_Jump,Same_Jump,NaN,NaN,NaN,NaN,NaN,NaN,NaN
"[153.14324211111108, -30.027668148148148]",20.646,0.02,23,4,199.618,34.384,Jump_13,-1.09422,20:56:00,Same_Jump,Same_Jump,NaN,NaN,NaN,NaN,NaN,NaN,NaN
"[153.1781987567567, -30.126227702702696]",12.285,0.078,26,11,134.251,119.877,Jump_13,0.71193,20:58:00,Same_Jump,Same_Jump,NaN,NaN,NaN,NaN,NaN,NaN,NaN
"[153.10496768085108, -29.973460191489362]",31.446,0.015,31,16,183.154,128.101,False,0.66053,21:00:00,,,NaN,NaN,NaN,NaN,NaN,NaN,NaN
"[153.18674533333336, -30.15638696666666]",8.985,0.118,20,10,121.215,97.459,False,-1.11132,21:02:00,,,NaN,NaN,NaN,NaN,NaN,NaN,NaN
"[153.1031992647059, -30.003243308823524]",32.027,0.021,45,23,299.703,473.525,Jump_14,2.82608,21:04:00,28,"[152.951, -29.622]","['NaN', 'NaN', 'NaN', 'NaN', 'NaN']","['NaN', 'NaN', 'NaN', 'NaN', 'NaN']","['21:11:00', '21:21:00', '21:31:00', '21:41:00', '21:51:00']","['NaN', 'NaN', 'NaN', 'NaN', 'NaN']",10746,21,0.1186
"[153.30485772499998, -30.249791775000006]",16.934,0.044,33,7,168.671,73.794,Jump_14,-1.25749,21:06:00,Same_Jump,Same_Jump,NaN,NaN,NaN,NaN,NaN,NaN,NaN
"[153.37738002702702, -30.310072243243248]",24.871,0.019,29,8,122.21,57.312,Jump_14,-0.11583,21:08:00,Same_Jump,Same_Jump,NaN,NaN,NaN,NaN,NaN,NaN,NaN
"[153.53214249315064, -30.403583712328757]",29.129,0.027,58,15,283.051,207.367,Jump_14,1.40503,21:10:00,Same_Jump,Same_Jump,NaN,NaN,NaN,NaN,NaN,NaN,NaN
"[153.7021725849056, -30.540743094339618]",14.826,0.077,43,10,224.556,104.019,False,-0.65877,21:12:00,,,NaN,NaN,NaN,NaN,NaN,NaN,NaN
"[153.60599496153836, -30.44803142307692]",30.018,0.028,62,16,310.569,211.64,False,0.80822,21:14:00,,,NaN,NaN,NaN,NaN,NaN,NaN,NaN
"[153.6457635806452, -30.4996164032258]",23.771,0.035,52,10,264.51,88.92,False,-0.57529,21:16:00,,,NaN,NaN,NaN,NaN,NaN,NaN,NaN
"[154.05701677714288, -30.221937017142846]",41.26,0.033,171,4,993.368,40.997,Jump_15,4.52979,21:18:00,No_Radar,No_Radar,NaN,NaN,NaN,NaN,NaN,NaN,NaN
"[154.2352273406594, -29.992077032967035]",12.604,0.182,90,1,492.453,20.768,Jump_15,-1.56408,21:20:00,No_Radar,No_Radar,NaN,NaN,NaN,NaN,NaN,NaN,NaN
"[154.02709949115047, -30.37469009292036]",41.26,0.042,194,32,984.105,330.121,Jump_15,1.86135,21:22:00,No_Radar,No_Radar,NaN,NaN,NaN,NaN,NaN,NaN,NaN
"[154.03569774008812, -30.406048933920676]",40.856,0.043,182,45,956.19,663.597,Jump_15,0.01102,21:24:00,No_Radar,No_Radar,NaN,NaN,NaN,NaN,NaN,NaN,NaN
"[154.00026502836877, -30.493918085106365]",34.439,0.038,123,18,694.554,283.181,False,-0.93463,21:26:00,,,NaN,NaN,NaN,NaN,NaN,NaN,NaN
"[154.0061536125656, -30.515432837696327]",32.97,0.056,155,36,786.696,428.402,False,0.47566,21:28:00,,,NaN,NaN,NaN,NaN,NaN,NaN,NaN
"[153.89374148684206, -30.70909426315788]",8.348,0.694,130,22,578.598,231.997,False,-0.41617,21:30:00,,,NaN,NaN,NaN,NaN,NaN,NaN,NaN
"[153.91508559064334, -30.699456830409368]",9.073,0.661,156,15,692.831,179.477,False,0.22353,21:32:00,,,NaN,NaN,NaN,NaN,NaN,NaN,NaN
"[153.9317535511364, -30.734313005681813]",9.203,0.661,164,12,723.834,98.074,False,0.0946,21:34:00,,,NaN,NaN,NaN,NaN,NaN,NaN,NaN
"[153.95242592558137, -30.764360846511632]",9.59,0.744,187,28,795.235,390.691,False,0.73432,21:36:00,,,NaN,NaN,NaN,NaN,NaN,NaN,NaN
"[153.97071756326542, -30.79239115918367]",8.534,1.071,232,13,920.974,217.24,False,0.86308,21:38:00,,,NaN,NaN,NaN,NaN,NaN,NaN,NaN
"[153.97522702880661, -30.81846116460904]",8.307,1.121,225,18,931.979,145.135,False,-0.06537,21:40:00,,,NaN,NaN,NaN,NaN,NaN,NaN,NaN
"[153.99586112745106, -30.86751751960785]",11.442,0.496,192,12,823.432,128.988,False,-2.29531,21:42:00,,,NaN,NaN,NaN,NaN,NaN,NaN,NaN
"[154.01093758974358, -30.915119307692297]",14.228,0.307,174,21,666.453,244.814,False,-0.29381,21:44:00,,,NaN,NaN,NaN,NaN,NaN,NaN,NaN
"[154.02805401587307, -30.91840834126984]",12.983,0.476,225,27,871.543,409.968,False,1.81277,21:46:00,,,NaN,NaN,NaN,NaN,NaN,NaN,NaN
"[154.04538938951308, -30.919089325842695]",12.38,0.555,249,18,993.291,187.911,False,0.40521,21:48:00,,,NaN,NaN,NaN,NaN,NaN,NaN,NaN
"[154.05963297033912, -30.948528868644086]",16.844,0.265,210,26,799.661,296.456,False,-0.87829,21:50:00,,,NaN,NaN,NaN,NaN,NaN,NaN,NaN
"[154.05572157877813, -30.959266289389056]",19.801,0.252,280,31,1002.309,356.937,False,1.93212,21:52:00,,,NaN,NaN,NaN,NaN,NaN,NaN,NaN
"[154.06473990217393, -30.978334883152165]",21.386,0.256,334,34,1309.741,436.027,False,1.28658,21:54:00,,,NaN,NaN,NaN,NaN,NaN,NaN,NaN
"[154.0769991757426, -31.04383010891089]",24.128,0.221,379,25,1548.934,255.358,False,0.84136,21:56:00,,,NaN,NaN,NaN,NaN,NaN,NaN,NaN
"[154.0885578028169, -31.011095468812872]",25.115,0.251,462,35,1847.948,529.919,Jump_16,2.26641,21:58:00,No_Radar,No_Radar,NaN,NaN,NaN,NaN,NaN,NaN,NaN
"[154.09784350630247, -31.02420756302521]",26.214,0.22,445,31,1844.471,315.835,Jump_16,-0.43788,22:00:00,No_Radar,No_Radar,NaN,NaN,NaN,NaN,NaN,NaN,NaN
"[154.09488012896406, -31.030224898520085]",27.487,0.199,442,31,1857.166,273.285,Jump_16,-0.0682,22:02:00,No_Radar,No_Radar,NaN,NaN,NaN,NaN,NaN,NaN,NaN
"[154.11207846766183, -31.021280778606965]",25.043,0.204,372,30,1558.852,337.596,Jump_16,-1.54979,22:04:00,No_Radar,No_Radar,NaN,NaN,NaN,NaN,NaN,NaN,NaN
"[154.13752566216223, -31.017671140540546]",27.078,0.161,330,40,1426.258,540.532,False,-0.51903,22:06:00,,,NaN,NaN,NaN,NaN,NaN,NaN,NaN
"[154.17414274801055, -31.1092739469496]",25.955,0.178,333,44,1448.423,421.863,False,0.11457,22:08:00,,,NaN,NaN,NaN,NaN,NaN,NaN,NaN
"[154.16975525000007, -31.113964911764693]",25.371,0.202,371,37,1689.786,420.92,False,1.02148,22:10:00,,,NaN,NaN,NaN,NaN,NaN,NaN,NaN
"[154.19366594708993, -31.182814632275136]",26.64,0.17,354,24,1577.462,247.416,False,-0.76452,22:12:00,,,NaN,NaN,NaN,NaN,NaN,NaN,NaN
"[154.206680081886, -31.23683987344914]",25.819,0.192,355,48,1537.174,504.041,False,0.63654,22:14:00,,,NaN,NaN,NaN,NaN,NaN,NaN,NaN
"[154.21430240243905, -31.245613734756084]",30.693,0.111,267,61,1145.985,751.747,False,-2.51443,22:16:00,,,NaN,NaN,NaN,NaN,NaN,NaN,NaN
"[154.23283445047932, -31.305264996805125]",31.174,0.103,273,40,1224.938,394.751,False,-0.33953,22:18:00,,,NaN,NaN,NaN,NaN,NaN,NaN,NaN
"[154.25140800316464, -31.34619710759493]",29.669,0.114,246,70,1158.533,835.924,False,0.0692,22:20:00,,,NaN,NaN,NaN,NaN,NaN,NaN,NaN
"[154.25828861042947, -31.322913938650313]",34.493,0.087,277,49,1297.89,495.406,False,0.26511,22:22:00,,,NaN,NaN,NaN,NaN,NaN,NaN,NaN
"[154.24497029591836, -31.4075908707483]",36.457,0.07,264,30,1331.442,274.473,False,-0.82328,22:24:00,,,NaN,NaN,NaN,NaN,NaN,NaN,NaN
"[154.26817744897966, -31.363839545918363]",37.878,0.087,324,68,1507.963,760.992,Jump_17,2.88773,22:26:00,No_Radar,No_Radar,NaN,NaN,NaN,NaN,NaN,NaN,NaN
"[154.2560670444443, -31.33719488444447]",43.398,0.076,392,58,1860.835,640.989,Jump_17,1.15181,22:28:00,No_Radar,No_Radar,NaN,NaN,NaN,NaN,NaN,NaN,NaN
"[154.24987108212562, -31.394743896135264]",46.901,0.06,371,43,1727.025,571.542,Jump_17,-0.70782,22:30:00,No_Radar,No_Radar,NaN,NaN,NaN,NaN,NaN,NaN,NaN
"[154.23156476595744, -31.412490278723396]",51.125,0.057,413,57,1993.428,776.641,Jump_17,0.96512,22:32:00,No_Radar,No_Radar,NaN,NaN,NaN,NaN,NaN,NaN,NaN
"[154.2649004411765, -31.42122095588234]",50.835,0.05,372,36,1985.839,383.083,False,-1.03778,22:34:00,,,NaN,NaN,NaN,NaN,NaN,NaN,NaN
"[154.31064040000004, -31.439059336708862]",48.719,0.053,355,40,1780.371,488.024,False,-0.19041,22:36:00,,,NaN,NaN,NaN,NaN,NaN,NaN,NaN
"[154.32566887683288, -31.46020849853374]",47.837,0.047,296,45,1544.761,561.433,False,-0.99392,22:38:00,,,NaN,NaN,NaN,NaN,NaN,NaN,NaN
"[154.34137286060607, -31.49847872424245]",50.203,0.042,298,32,1665.898,377.53,False,-0.2321,22:40:00,,,NaN,NaN,NaN,NaN,NaN,NaN,NaN
"[154.3411944901409, -31.517261126760545]",51.926,0.042,315,40,1620.432,492.581,False,0.53377,22:42:00,,,NaN,NaN,NaN,NaN,NaN,NaN,NaN
"[154.3615653936508, -31.606803031746026]",52.055,0.037,271,44,1420.144,526.38,False,-1.12799,22:44:00,,,NaN,NaN,NaN,NaN,NaN,NaN,NaN
"[154.3781148637603, -31.704376433242516]",48.913,0.049,325,42,1706.791,613.365,False,1.70947,22:46:00,,,NaN,NaN,NaN,NaN,NaN,NaN,NaN
"[154.5044016822967, -32.751205335885146]",94.764,0.037,882,163,5807.246,3157.568,Jump_18,15.34463,22:48:00,No_Radar,No_Radar,NaN,NaN,NaN,NaN,NaN,NaN,NaN
"[154.5744800485763, -33.40662341876047]",57.63,0.057,539,58,3878.842,1710.581,Jump_18,-1.48183,22:50:00,No_Radar,No_Radar,NaN,NaN,NaN,NaN,NaN,NaN,NaN
"[154.48353385606785, -32.81025256726247]",96.939,0.036,917,146,5956.545,2742.301,Jump_18,1.15506,22:52:00,No_Radar,No_Radar,NaN,NaN,NaN,NaN,NaN,NaN,NaN
"[154.52124320947394, -32.78898696736839]",94.446,0.034,809,141,5257.974,3030.568,Jump_18,-0.25563,22:54:00,No_Radar,No_Radar,NaN,NaN,NaN,NaN,NaN,NaN,NaN
"[154.5099308367346, -32.690243299319704]",98.183,0.029,754,128,5217.714,2790.892,False,-0.15089,22:56:00,,,NaN,NaN,NaN,NaN,NaN,NaN,NaN
"[154.65392419502066, -33.39875281742737]",56.207,0.049,412,70,3106.392,1768.435,False,-0.87189,22:58:00,,,NaN,NaN,NaN,NaN,NaN,NaN,NaN
"[154.24667531736517, -33.75299998203593]",49.737,0.021,138,29,1061.442,1104.141,False,-0.86386,23:00:00,,,NaN,NaN,NaN,NaN,NaN,NaN,NaN
"[154.64734943749988, -33.410866750000004]",54.966,0.054,390,122,2850.131,2643.909,False,1.02091,23:02:00,,,NaN,NaN,NaN,NaN,NaN,NaN,NaN
"[154.5144443752691, -32.4467764881721]",107.469,0.026,775,155,5222.851,3233.287,False,1.44455,23:04:00,,,NaN,NaN,NaN,NaN,NaN,NaN,NaN
"[154.405347883978, -32.3556137790055]",24.068,0.099,155,26,1070.098,445.515,False,-2.00624,23:06:00,,,NaN,NaN,NaN,NaN,NaN,NaN,NaN
"[154.51502424353444, -32.41583669181039]",113.055,0.023,792,136,5075.85,2880.519,False,1.48241,23:08:00,,,NaN,NaN,NaN,NaN,NaN,NaN,NaN
"[154.60497758323766, -32.1288544489093]",107.125,0.024,768,103,4658.26,1751.192,False,-0.09396,23:10:00,,,NaN,NaN,NaN,NaN,NaN,NaN,NaN
"[154.67257978199052, -33.077958412322296]",57.57,0.061,532,101,3677.886,2316.964,False,-0.41479,23:12:00,,,NaN,NaN,NaN,NaN,NaN,NaN,NaN
"[154.18003833898308, -33.687761576271186]",49.833,0.015,86,32,646.119,758.208,False,-0.88625,23:14:00,,,NaN,NaN,NaN,NaN,NaN,NaN,NaN
"[152.97795799090906, -33.142608245454554]",6.866,0.743,105,5,566.219,111.178,False,-0.01397,23:16:00,,,NaN,NaN,NaN,NaN,NaN,NaN,NaN
"[152.99545131506844, -33.16122819863014]",7.04,0.938,143,3,908.959,112.623,False,0.07666,23:18:00,,,NaN,NaN,NaN,NaN,NaN,NaN,NaN
"[153.01543023741016, -33.17949960431654]",6.729,0.977,138,1,897.144,22.285,False,-0.03098,23:20:00,,,NaN,NaN,NaN,NaN,NaN,NaN,NaN
"[153.0293686589148, -33.179614604651164]",6.088,1.108,123,6,708.227,61.834,False,-0.04302,23:22:00,,,NaN,NaN,NaN,NaN,NaN,NaN,NaN
"[153.04736924999995, -33.21077015104165]",6.381,1.501,181,11,1168.813,355.95,False,0.27115,23:24:00,,,NaN,NaN,NaN,NaN,NaN,NaN,NaN
"[153.08134734586463, -33.23488929323309]",4.837,1.809,127,6,753.975,248.433,False,-1.7824,23:26:00,,,NaN,NaN,NaN,NaN,NaN,NaN,NaN
"[153.07717992261905, -33.25442161309523]",7.708,0.9,158,10,976.711,158.312,False,0.74666,23:28:00,,,NaN,NaN,NaN,NaN,NaN,NaN,NaN
"[153.09379430069933, -33.28176467132868]",7.691,0.77,125,18,656.39,435.838,False,-0.53522,23:30:00,,,NaN,NaN,NaN,NaN,NaN,NaN,NaN
"[153.13745433333324, -33.30779856603771]",5.509,1.668,156,3,836.759,59.857,False,0.33011,23:32:00,,,NaN,NaN,NaN,NaN,NaN,NaN,NaN
"[153.15363455421686, -33.320692861445785]",5.35,1.846,159,7,1043.604,186.166,False,0.14458,23:34:00,,,NaN,NaN,NaN,NaN,NaN,NaN,NaN
"[153.1610409026548, -33.34812000884954]",6.729,0.794,113,0,613.576,0.0,False,-1.4292,23:36:00,,,NaN,NaN,NaN,NaN,NaN,NaN,NaN
"[153.15668969841275, -33.35780037301586]",10.515,0.363,118,8,766.717,124.99,False,0.37204,23:38:00,,,NaN,NaN,NaN,NaN,NaN,NaN,NaN
"[153.17648537606834, -33.38744891452991]",10.128,0.363,111,6,672.237,144.729,False,-0.30188,23:40:00,,,NaN,NaN,NaN,NaN,NaN,NaN,NaN
"[153.24217036363635, -33.396602272727286]",5.799,0.625,64,2,383.338,46.95,False,-1.79506,23:42:00,,,NaN,NaN,NaN,NaN,NaN,NaN,NaN
"[153.19792894339625, -33.43528579245283]",9.778,0.176,48,5,257.721,101.424,False,-0.41217,23:44:00,,,NaN,NaN,NaN,NaN,NaN,NaN,NaN
"[153.2579964528302, -33.45558426415094]",9.585,0.184,40,13,191.627,180.975,False,0.0,23:46:00,,,NaN,NaN,NaN,NaN,NaN,NaN,NaN
"[153.26983503124998, -33.45943125]",6.622,0.232,27,5,174.746,61.045,False,-0.87576,23:48:00,,,NaN,NaN,NaN,NaN,NaN,NaN,NaN
"[154.42799559999995, -34.273448720000005]",22.893,0.015,21,4,131.893,64.5,False,-0.35853,23:50:00,,,NaN,NaN,NaN,NaN,NaN,NaN,NaN
"[154.66316283660132, -32.98385299455339]",67.687,0.064,774,144,5253.122,2665.79,Jump_19,45.11482,23:52:00,No_Radar,No_Radar,NaN,NaN,NaN,NaN,NaN,NaN,NaN
"[154.66496737607682, -33.00986937224877]",68.575,0.071,870,175,5987.234,3195.203,Jump_19,0.31434,23:54:00,No_Radar,No_Radar,NaN,NaN,NaN,NaN,NaN,NaN,NaN
"[154.68997666427097, -33.04497092197123]",67.438,0.068,779,195,5256.497,3869.025,Jump_19,-0.18074,23:56:00,No_Radar,No_Radar,NaN,NaN,NaN,NaN,NaN,NaN,NaN
"[154.650452648492, -33.07887828886314]",66.633,0.062,713,149,4866.334,3646.2,Jump_19,,23:58:00,No_Radar,No_Radar,NaN,NaN,NaN,NaN,NaN,NaN,NaN
